      0/99     5.35G   0.02443  0.001498         0   0.02592         9       320    0.8974    0.9003      0.94    0.6321   0.03637   0.01277         0
      1/99     6.78G   0.02556  0.001595         0   0.02715        13       320    0.8717    0.8344    0.8939    0.5893   0.04026    0.0124         0
      2/99     6.78G   0.02985  0.001899         0   0.03175         7       320      0.89    0.7985    0.8992    0.5873    0.0439   0.01026         0
      3/99     6.78G   0.03303  0.002142         0   0.03518         5       320    0.9075    0.8406     0.903    0.5709   0.04018   0.01007         0
      4/99     6.78G    0.0321  0.002067         0   0.03417        16       320    0.8557    0.8238    0.8954    0.5926   0.04357  0.009737         0
      5/99     6.78G    0.0314  0.002024         0   0.03342         7       320    0.8933    0.8392    0.9119    0.6109   0.04147  0.009891         0
      6/99     6.78G   0.03105  0.002005         0   0.03306         8       320    0.8993    0.8645    0.9206    0.6053   0.03828   0.01043         0
      7/99     6.79G   0.03074     0.002         0   0.03274         5       320    0.8548    0.8454    0.8817    0.5774   0.04345  0.009897         0
      8/99     6.79G    0.0306  0.001965         0   0.03257        10       320    0.8932    0.8146     0.906    0.6129   0.04034    0.0105         0
      9/99     6.79G   0.03022  0.001948         0   0.03217         5       320    0.9159    0.8941    0.9482    0.6423    0.0365    0.0103         0
     10/99     6.79G   0.03006  0.001948         0     0.032         3       320    0.9158    0.8703    0.9382    0.6341   0.03868   0.01006         0
     11/99     6.79G   0.02977  0.001908         0   0.03168         3       320    0.9041    0.8842    0.9315    0.6399   0.03782   0.01047         0
     12/99     6.79G   0.02975  0.001937         0   0.03169         6       320    0.9408    0.8802    0.9587    0.6422   0.03795   0.01023         0
     13/99     6.79G   0.02989  0.001925         0   0.03181         8       320    0.9087    0.8722    0.9452    0.6322   0.03845  0.009943         0
     14/99     6.79G   0.02955  0.001893         0   0.03144        11       320    0.8891    0.8586    0.9044    0.6224   0.03843   0.01043         0
     15/99     6.79G   0.02935  0.001873         0   0.03122         3       320    0.8799    0.8681    0.9258    0.6312   0.03831   0.01035         0
     16/99     6.79G   0.02918  0.001897         0   0.03108        17       320    0.9058    0.8674    0.9351    0.6517   0.03692   0.01063         0
     17/99     6.79G   0.02908  0.001869         0   0.03095        12       320    0.9055    0.8777     0.938    0.6405   0.03828    0.0102         0
     18/99     6.79G   0.02902  0.001867         0   0.03088         8       320    0.9304    0.8824    0.9436    0.6395   0.03722   0.01028         0
     19/99     6.79G   0.02914  0.001912         0   0.03106         4       320    0.9366    0.8681    0.9426    0.6464   0.03683   0.01046         0
     20/99     6.79G   0.02901  0.001872         0   0.03088         6       320    0.9125    0.8678    0.9308    0.6393   0.03693   0.01024         0
     21/99     6.79G   0.02915  0.001862         0   0.03101        10       320    0.9177    0.8634    0.9283    0.6403   0.03704   0.01039         0
     22/99     6.79G     0.029  0.001861         0   0.03086         5       320    0.9222    0.8564    0.9335      0.65    0.0358   0.01039         0
     23/99     6.79G   0.02887   0.00186         0   0.03073         9       320     0.909    0.8839    0.9352    0.6538   0.03553    0.0106         0
     24/99     6.79G   0.02871   0.00184         0   0.03055         4       320    0.9054    0.8733    0.9223    0.6445   0.03674   0.01064         0
     25/99     6.79G   0.02853  0.001829         0   0.03036        10       320    0.9088    0.8714    0.9329    0.6499   0.03605   0.01056         0
     26/99     6.79G   0.02844  0.001826         0   0.03027         5       320    0.9062    0.8901    0.9429    0.6599   0.03551   0.01055         0
     27/99     6.79G   0.02833  0.001847         0   0.03018         5       320    0.9204    0.8813    0.9469    0.6607   0.03496   0.01065         0
     28/99     6.79G   0.02852  0.001835         0   0.03036        10       320    0.9077    0.8949    0.9412     0.658   0.03488   0.01075         0
     29/99     6.79G   0.02845  0.001837         0   0.03028         4       320    0.9143    0.8912     0.943    0.6583    0.0345   0.01074         0
     30/99     6.79G     0.028  0.001815         0   0.02982         6       320    0.8984    0.8978    0.9423    0.6569   0.03489   0.01072         0
     31/99     6.79G   0.02813  0.001779         0   0.02991         8       320     0.907    0.8901    0.9436     0.659   0.03473    0.0107         0
     32/99     6.79G   0.02791  0.001816         0   0.02973         4       320    0.9214    0.8769    0.9446      0.66   0.03474   0.01071         0
     33/99     6.79G    0.0277  0.001811         0   0.02951         8       320      0.91    0.8893    0.9426    0.6574   0.03502   0.01065         0
     34/99     6.79G   0.02788  0.001806         0   0.02969         3       320    0.9078    0.8923    0.9422    0.6568   0.03494   0.01069         0
     35/99     6.79G   0.02761  0.001792         0    0.0294         7       320    0.8998    0.9011    0.9418     0.655   0.03488   0.01071         0
     36/99     6.79G   0.02767  0.001753         0   0.02942        11       320    0.8965     0.904    0.9403    0.6533   0.03487   0.01072         0
     37/99     6.79G   0.02778  0.001773         0   0.02955         7       320    0.9123    0.8879    0.9396    0.6521   0.03488   0.01073         0
     38/99     6.79G   0.02749  0.001771         0   0.02926         7       320    0.9154    0.8874    0.9407     0.655   0.03478   0.01071         0
     39/99     6.79G   0.02739   0.00177         0   0.02916         6       320    0.9018    0.9029    0.9411    0.6548    0.0347   0.01071         0
     40/99     6.79G   0.02726  0.001758         0   0.02902        15       320    0.9122    0.8944    0.9415    0.6553   0.03463   0.01072         0
     41/99     6.79G   0.02721  0.001739         0   0.02895         6       320    0.9088    0.8982    0.9406    0.6548    0.0346   0.01073         0
     42/99     6.79G   0.02713  0.001747         0   0.02888        12       320     0.904       0.9    0.9391    0.6538    0.0346   0.01075         0
     43/99     6.79G   0.02722  0.001744         0   0.02896        10       320    0.9146    0.8901    0.9386    0.6537   0.03461   0.01077         0
     44/99     6.79G   0.02722  0.001733         0   0.02895         7       320    0.9189    0.8853    0.9393    0.6546   0.03453   0.01078         0
     45/99     6.79G   0.02679  0.001719         0   0.02851         9       320    0.9156    0.8896    0.9402    0.6558   0.03444   0.01079         0
     46/99     6.79G     0.027  0.001712         0   0.02871         9       320    0.9104    0.8945    0.9406    0.6563   0.03432    0.0108         0
     47/99     6.79G   0.02682  0.001691         0   0.02851         4       320    0.9104    0.8936    0.9405    0.6563    0.0343   0.01082         0
     48/99     6.79G   0.02652  0.001709         0   0.02823         7       320    0.9132    0.8912     0.941    0.6571   0.03431   0.01083         0
     49/99     6.79G   0.02658  0.001709         0   0.02829         5       320    0.9152    0.8894    0.9409    0.6567   0.03428   0.01085         0
     50/99     6.79G    0.0265  0.001714         0   0.02822         5       320    0.9112    0.8949    0.9409    0.6567   0.03426   0.01087         0
     51/99     6.79G   0.02616  0.001694         0   0.02785         5       320    0.9177    0.8883    0.9411    0.6567   0.03422   0.01089         0
     52/99     6.79G   0.02611   0.00168         0   0.02779         8       320    0.9166    0.8861    0.9406    0.6565   0.03423   0.01089         0
     53/99     6.79G   0.02608  0.001676         0   0.02776        11       320    0.9179    0.8853    0.9412    0.6566   0.03419    0.0109         0
     54/99     6.79G   0.02611  0.001669         0   0.02778        11       320    0.9112    0.8919    0.9404    0.6569   0.03419   0.01092         0
     55/99     6.79G   0.02597  0.001651         0   0.02762         4       320    0.9122    0.8916    0.9409    0.6577   0.03411   0.01095         0
     56/99     6.79G   0.02586   0.00164         0    0.0275         8       320    0.9138     0.889    0.9402    0.6576   0.03408   0.01098         0
     57/99     6.79G   0.02584  0.001646         0   0.02749         5       320    0.9212    0.8823    0.9403    0.6578   0.03401     0.011         0
     58/99     6.79G   0.02557  0.001629         0    0.0272        13       320    0.9193    0.8857    0.9406    0.6581   0.03396   0.01102         0
     59/99     6.79G   0.02534  0.001622         0   0.02696         8       320    0.9196    0.8853    0.9407    0.6579   0.03394   0.01104         0
     60/99     6.79G   0.02549  0.001615         0    0.0271         7       320    0.9108    0.8938    0.9411    0.6583   0.03397   0.01105         0
     61/99     6.79G   0.02541  0.001619         0   0.02703         6       320    0.9171    0.8886     0.941    0.6587   0.03394   0.01107         0
     62/99     6.79G    0.0252  0.001627         0   0.02683         4       320    0.9171    0.8894    0.9412    0.6585   0.03392    0.0111         0
     63/99     6.79G    0.0253  0.001617         0   0.02692         5       320    0.9162    0.8897    0.9413    0.6587   0.03389   0.01112         0
     64/99     6.79G    0.0249  0.001585         0   0.02648         9       320    0.9161     0.889    0.9397    0.6576   0.03389   0.01113         0
     65/99     6.79G   0.02482  0.001601         0   0.02642         8       320    0.9164    0.8886    0.9395     0.657   0.03388   0.01115         0
     66/99     6.79G   0.02461  0.001582         0   0.02619        12       320    0.9203    0.8846    0.9393    0.6569   0.03388   0.01117         0
     67/99     6.79G   0.02469  0.001581         0   0.02628         7       320    0.9202    0.8864    0.9395    0.6566    0.0339   0.01119         0
     68/99     6.79G   0.02454  0.001589         0   0.02613        12       320    0.9205    0.8864    0.9406    0.6572   0.03389    0.0112         0
     69/99     6.79G   0.02455  0.001583         0   0.02614        13       320    0.9217    0.8857    0.9419    0.6582   0.03391   0.01121         0
     70/99     6.79G   0.02454   0.00157         0   0.02611         6       320    0.9218    0.8864     0.943    0.6579   0.03393   0.01123         0
     71/99     6.79G   0.02435  0.001556         0    0.0259         6       320    0.9217    0.8864    0.9434    0.6577   0.03394   0.01124         0
     72/99     6.79G     0.024   0.00153         0   0.02553         6       320    0.9212    0.8868    0.9431    0.6577   0.03396   0.01126         0
     73/99     6.79G   0.02406  0.001521         0   0.02558         5       320    0.9256    0.8837    0.9439    0.6567   0.03399   0.01127         0
     74/99     6.79G    0.0238  0.001526         0   0.02533         8       320    0.9246     0.885    0.9439    0.6572   0.03399   0.01129         0
     75/99     6.79G   0.02385   0.00151         0   0.02536         6       320    0.9229    0.8875    0.9438    0.6572   0.03396   0.01132         0
     76/99     6.79G    0.0237  0.001513         0   0.02521         6       320    0.9219    0.8883    0.9441    0.6569   0.03394   0.01135         0
     77/99     6.79G   0.02375  0.001522         0   0.02528         4       320    0.9271    0.8824    0.9443    0.6569   0.03398   0.01137         0
     78/99     6.79G   0.02336  0.001501         0   0.02486         3       320    0.9277     0.881    0.9444    0.6567   0.03398   0.01139         0
     79/99     6.79G   0.02324  0.001471         0   0.02471         1       320    0.9275    0.8813    0.9446    0.6564   0.03397   0.01141         0
     80/99     6.79G   0.02324  0.001465         0   0.02471         3       320    0.9285    0.8794    0.9444    0.6571   0.03397   0.01143         0
     81/99     6.79G   0.02323  0.001473         0    0.0247         8       320     0.929     0.878    0.9454    0.6586   0.03394   0.01146         0
     82/99     6.79G   0.02304  0.001456         0   0.02449         7       320    0.9322    0.8769    0.9459    0.6594   0.03388   0.01149         0
     83/99     6.79G   0.02311  0.001458         0   0.02457         5       320     0.933    0.8772    0.9462    0.6598   0.03384   0.01151         0
     84/99     6.79G   0.02297  0.001465         0   0.02444         5       320    0.9341    0.8768    0.9466    0.6602   0.03381   0.01153         0
     85/99     6.79G    0.0229  0.001434         0   0.02433        11       320    0.9354    0.8754    0.9475    0.6603   0.03379   0.01156         0
     86/99     6.79G   0.02259  0.001421         0   0.02401         4       320     0.937    0.8736    0.9477      0.66   0.03378   0.01158         0
     87/99     6.79G   0.02288  0.001435         0   0.02431         6       320    0.9399    0.8714    0.9476    0.6608   0.03377   0.01161         0
     88/99     6.79G   0.02246  0.001438         0    0.0239         9       320    0.9414    0.8701    0.9476    0.6608   0.03373   0.01164         0
     89/99     6.79G    0.0224  0.001422         0   0.02382         4       320    0.9399    0.8711     0.947    0.6607    0.0337   0.01167         0
     90/99     6.79G   0.02256  0.001454         0   0.02401        10       320    0.9411    0.8689    0.9468    0.6604   0.03366    0.0117         0
     91/99     6.79G   0.02226  0.001433         0   0.02369         6       320    0.9367    0.8729    0.9469    0.6607   0.03363   0.01173         0
     92/99     6.79G   0.02233  0.001403         0   0.02373         7       320    0.9353     0.874    0.9471    0.6607   0.03358   0.01176         0
     93/99     6.79G    0.0223  0.001413         0   0.02371        14       320    0.9354    0.8733    0.9469    0.6604   0.03355   0.01178         0
     94/99     6.79G   0.02211  0.001405         0   0.02351        11       320    0.9317    0.8758    0.9471    0.6605   0.03353   0.01181         0
     95/99     6.79G   0.02208  0.001414         0    0.0235         5       320    0.9325    0.8758    0.9474    0.6605   0.03352   0.01183         0
     96/99     6.79G   0.02219  0.001398         0   0.02359         8       320    0.9318    0.8762    0.9477    0.6602   0.03353   0.01185         0
     97/99     6.79G     0.022  0.001409         0   0.02341        12       320    0.9304    0.8777    0.9473    0.6606   0.03355   0.01187         0
     98/99     6.79G    0.0218  0.001384         0   0.02319        17       320    0.9311    0.8761    0.9471    0.6607   0.03357    0.0119         0
     99/99     6.79G   0.02197  0.001372         0   0.02334         6       320    0.9325    0.8758    0.9466    0.6603   0.03358   0.01193         0
