      0/99     5.37G   0.06562   0.00625   0.01546   0.08734        11       320    0.5113   0.09694   0.00553  0.000722   0.09455  0.008851   0.01593
      1/99     6.78G   0.05571  0.006273   0.01417   0.07616         8       320    0.4783    0.6762    0.6642    0.3344   0.07357  0.007931   0.01458
      2/99     6.78G   0.04615  0.005127   0.01155   0.06283         9       320    0.5586    0.7787    0.7068    0.4553   0.06432  0.006929   0.01574
      3/99     6.78G   0.03968  0.004654  0.008524   0.05286         8       320     0.545    0.7635    0.6404    0.4252   0.05294   0.00732   0.02192
      4/99     6.78G   0.03626  0.004361  0.006571   0.04719        10       320    0.7342    0.7913    0.8478     0.578   0.04824  0.007295   0.01615
      5/99     6.78G   0.03393  0.004118  0.005475   0.04352        15       320    0.6113    0.8062    0.7747    0.5255   0.04679  0.007834     0.019
      6/99     6.78G   0.03269  0.003952  0.004711   0.04136        16       320    0.7049    0.8026    0.8563    0.6011    0.0467  0.007592   0.01172
      7/99     6.78G   0.03139  0.003828  0.004132   0.03935        19       320    0.5321    0.8341    0.8643    0.5965   0.04925  0.007791   0.02465
      8/99     6.78G   0.03065  0.003712  0.003917   0.03828         6       320    0.6109    0.7774    0.7742    0.5345   0.04659  0.007548   0.02506
      9/99     6.78G   0.02993  0.003636  0.003558   0.03712        15       320    0.6748    0.8071    0.8881    0.6529   0.04298  0.007975   0.01812
     10/99     6.78G   0.02924  0.003551  0.003334   0.03612        14       320    0.6158    0.8207    0.9028     0.639    0.0485  0.007574   0.02368
     11/99     6.78G   0.02872  0.003464  0.003154   0.03534         9       320    0.6266    0.8159    0.8291    0.6051    0.0417  0.007959   0.02486
     12/99     6.78G   0.02815  0.003427  0.002992   0.03457         9       320    0.4373    0.8253    0.8174    0.5708   0.04189  0.008445   0.04335
     13/99     6.78G   0.02789  0.003397  0.002864   0.03415        15       320    0.6551    0.7599    0.8692    0.6379   0.04186  0.008322   0.02582
     14/99     6.78G   0.02751  0.003315  0.002743   0.03357        20       320    0.5263     0.852    0.8506    0.6055   0.04388   0.00787   0.03151
     15/99     6.78G   0.02729  0.003306  0.002695   0.03329         4       320    0.5698    0.8485    0.8972    0.6575   0.04209  0.008514   0.02618
     16/99     6.78G   0.02698  0.003268  0.002631   0.03288         9       320    0.6007    0.8112    0.8986    0.6566   0.04171  0.008772    0.0269
     17/99     6.78G   0.02669  0.003232  0.002541   0.03246         8       320    0.6179    0.8037    0.9038    0.6678   0.04126   0.00892   0.02487
     18/99     6.78G   0.02638  0.003195  0.002384   0.03195        18       320    0.5252    0.8566     0.903    0.6682   0.03999  0.008765   0.03346
     19/99     6.78G   0.02621  0.003175  0.002418    0.0318        12       320    0.5421    0.8561    0.8706    0.6428   0.04141  0.008652   0.03052
     20/99     6.78G   0.02602  0.003167  0.002358   0.03155         3       320    0.6435    0.8527    0.9171    0.6847   0.03932  0.008901   0.02163
     21/99     6.78G   0.02597  0.003135  0.002269   0.03137        16       320    0.7458    0.8428    0.9523    0.7172   0.03974  0.008526   0.01278
     22/99     6.78G   0.02583  0.003099  0.002279   0.03121        14       320    0.6036    0.8624     0.898    0.6599    0.0392  0.008928   0.02351
     23/99     6.78G   0.02549    0.0031  0.002228   0.03081         3       320    0.5951    0.8747    0.8851    0.6523   0.03834   0.00913   0.02325
     24/99     6.78G   0.02533  0.003062  0.002176   0.03057        10       320    0.5744    0.8362    0.8189    0.5912   0.03921   0.00911   0.02986
     25/99     6.78G   0.02512  0.003047  0.002107   0.03028         7       320    0.5198    0.8805    0.8488    0.6203   0.03958  0.009249   0.03164
     26/99     6.78G    0.0249  0.003031  0.002019   0.02995        12       320    0.5613    0.8698    0.8531    0.6219   0.03853  0.009388   0.03176
     27/99     6.78G   0.02481  0.003003  0.002019   0.02984        15       320    0.5508    0.8894    0.8247    0.6056   0.03855  0.009438   0.03244
     28/99     6.78G    0.0246  0.002993  0.002021   0.02961        10       320    0.5505    0.8951      0.84    0.6189   0.03802  0.009437    0.0334
     29/99     6.78G    0.0245  0.002949  0.001937   0.02939         5       320    0.5559    0.8974    0.8654    0.6426   0.03818  0.009484   0.03427
     30/99     6.78G   0.02437  0.002939  0.001953   0.02926         9       320     0.565    0.8725    0.8631    0.6388   0.03811  0.009543   0.03739
     31/99     6.78G   0.02426  0.002941  0.001843   0.02904        10       320    0.5404    0.8887    0.8637    0.6415   0.03831  0.009541    0.0377
     32/99     6.78G   0.02418   0.00296  0.001863   0.02901        13       320    0.5731      0.88    0.8734    0.6496   0.03789  0.009593   0.03271
     33/99     6.78G   0.02406  0.002891  0.001758   0.02871        12       320    0.5897    0.8689    0.8729    0.6497   0.03762  0.009689   0.03093
     34/99     6.78G   0.02408  0.002892  0.001785   0.02876        14       320    0.5576    0.8931    0.8535    0.6325    0.0377  0.009689   0.03197
     35/99     6.78G   0.02381  0.002883  0.001731   0.02843         7       320    0.5665    0.8834    0.8444    0.6245   0.03773  0.009713    0.0322
     36/99     6.78G   0.02388  0.002877  0.001747    0.0285         7       320    0.5482    0.8939    0.8315    0.6133   0.03791  0.009733   0.03317
     37/99     6.78G   0.02361  0.002837  0.001658    0.0281        15       320    0.5881    0.8507     0.825    0.6084   0.03794   0.00977   0.03295
     38/99     6.78G   0.02357  0.002843   0.00165   0.02806        16       320    0.5894     0.852    0.8219    0.6046   0.03791  0.009799   0.03307
     39/99     6.78G   0.02352  0.002835  0.001705   0.02806         8       320    0.5975    0.8501    0.8216     0.605   0.03783  0.009818   0.03236
     40/99     6.78G   0.02335  0.002808   0.00161   0.02777        12       320    0.5927    0.8531    0.8219    0.6042   0.03796  0.009826    0.0326
     41/99     6.78G   0.02329  0.002802  0.001601    0.0277        13       320    0.5863    0.8586    0.8224    0.6055   0.03798  0.009837   0.03257
     42/99     6.78G   0.02319  0.002781  0.001571   0.02754         9       320    0.5903    0.8596    0.8279    0.6094   0.03803  0.009854   0.03239
     43/99     6.78G   0.02302   0.00277  0.001539   0.02733         9       320    0.5996    0.8544    0.8323     0.614   0.03799  0.009887   0.03207
     44/99     6.78G   0.02282  0.002758  0.001546   0.02712        14       320    0.5811    0.8805    0.8397    0.6199   0.03793  0.009915   0.03214
     45/99     6.78G   0.02278  0.002737  0.001475     0.027        17       320    0.5832    0.8783    0.8418    0.6226   0.03786  0.009945   0.03207
     46/99     6.78G   0.02259   0.00272   0.00149    0.0268        12       320    0.5866    0.8806    0.8477    0.6301   0.03782  0.009952   0.03128
     47/99     6.78G   0.02254  0.002709   0.00138   0.02663        11       320    0.5944    0.8723    0.8554    0.6368   0.03785   0.00997   0.03117
     48/99     6.78G   0.02249  0.002701  0.001482   0.02667        11       320    0.5912    0.8746    0.8552    0.6353   0.03788  0.009991   0.03158
     49/99     6.78G    0.0224  0.002713  0.001462   0.02657         7       320    0.5794    0.8846    0.8525     0.633   0.03795   0.01001    0.0319
     50/99     6.78G   0.02225  0.002683  0.001406   0.02634         9       320    0.5812    0.8809    0.8595    0.6388   0.03798   0.01003   0.03166
     51/99     6.78G   0.02217  0.002674  0.001379   0.02622        20       320    0.5791    0.8801    0.8647     0.643   0.03797   0.01005    0.0317
     52/99     6.78G   0.02206  0.002677   0.00131   0.02604         9       320    0.5943    0.8607    0.8631    0.6416   0.03793   0.01007   0.03211
     53/99     6.78G   0.02198  0.002647  0.001343   0.02597         7       320     0.592    0.8636    0.8642    0.6432   0.03795   0.01009   0.03238
     54/99     6.78G    0.0219  0.002635  0.001293   0.02583        14       320    0.5913    0.8669     0.871    0.6484   0.03795    0.0101   0.03198
     55/99     6.78G   0.02175   0.00262  0.001255   0.02563        11       320     0.593    0.8654    0.8756    0.6511   0.03801   0.01012   0.03213
     56/99     6.78G   0.02171  0.002619  0.001271    0.0256        15       320    0.5938     0.866    0.8806    0.6565   0.03797   0.01015   0.03197
     57/99     6.78G   0.02157  0.002596  0.001216   0.02538        15       320    0.5931    0.8654    0.8813    0.6579   0.03796   0.01017   0.03216
     58/99     6.78G    0.0214  0.002601  0.001193   0.02519        13       320    0.6032    0.8573     0.885    0.6604   0.03795    0.0102   0.03224
     59/99     6.78G   0.02134  0.002575  0.001109   0.02503        15       320    0.6055    0.8565    0.8848    0.6608   0.03791   0.01023   0.03238
     60/99     6.78G   0.02135  0.002563   0.00119    0.0251        12       320    0.5911    0.8683    0.8833    0.6602   0.03786   0.01027   0.03272
     61/99     6.78G   0.02114  0.002558  0.001169   0.02486         7       320    0.5725    0.8922    0.8849    0.6615   0.03781   0.01031     0.033
     62/99     6.78G   0.02109  0.002539  0.001107   0.02474        23       320    0.5725    0.8939    0.8867    0.6618   0.03778   0.01034   0.03307
     63/99     6.78G   0.02102  0.002525  0.001107   0.02465         9       320     0.572    0.8968     0.889    0.6639   0.03777   0.01037   0.03314
     64/99     6.78G   0.02084  0.002519    0.0011   0.02445         7       320    0.5976    0.8683    0.8917    0.6663   0.03771    0.0104    0.0329
     65/99     6.78G    0.0208  0.002534  0.001088   0.02442         8       320    0.5948    0.8765    0.8928    0.6682   0.03761   0.01044   0.03274
     66/99     6.78G   0.02056  0.002489  0.001065   0.02412        12       320    0.6007    0.8713    0.8924     0.667   0.03755   0.01047   0.03271
     67/99     6.78G    0.0205   0.00249  0.001043   0.02403         6       320    0.6037      0.87    0.8925    0.6669    0.0375    0.0105   0.03283
     68/99     6.78G   0.02041  0.002462  0.001047   0.02392        13       320    0.6013    0.8762     0.896    0.6687   0.03749   0.01053   0.03282
     69/99     6.78G    0.0203  0.002462  0.001017   0.02378        11       320    0.6066    0.8776    0.8999    0.6728   0.03741   0.01056   0.03234
     70/99     6.78G   0.02032  0.002451   0.00096   0.02373         9       320    0.6052    0.8753    0.9021    0.6756   0.03743   0.01059   0.03247
     71/99     6.78G   0.02007  0.002422 0.0009056   0.02339         8       320    0.5915    0.8881    0.9046     0.677   0.03747   0.01061    0.0327
     72/99     6.78G      0.02  0.002411 0.0009208   0.02333         6       320    0.6062     0.877    0.9044    0.6766   0.03746   0.01064   0.03245
     73/99     6.78G   0.01985  0.002397 0.0008763   0.02312        13       320    0.6072    0.8741    0.9049    0.6779   0.03745   0.01067   0.03263
     74/99     6.78G   0.01979  0.002386 0.0008747   0.02305         5       320    0.6036    0.8788    0.9058    0.6792   0.03744    0.0107   0.03267
     75/99     6.78G   0.01973  0.002367    0.0009     0.023        19       320    0.5983    0.8876     0.907    0.6802   0.03748   0.01072   0.03273
     76/99     6.78G   0.01963  0.002381 0.0008736   0.02288         9       320    0.6027    0.8884    0.9102    0.6823   0.03753   0.01075   0.03274
     77/99     6.78G   0.01951  0.002338 0.0008373   0.02269        11       320     0.601     0.891    0.9112    0.6823   0.03759   0.01079   0.03305
     78/99     6.78G   0.01941  0.002343 0.0008655   0.02262        10       320    0.6026    0.8884     0.911    0.6814   0.03767   0.01083    0.0332
     79/99     6.78G   0.01937  0.002329 0.0008564   0.02256        10       320    0.5954    0.8957     0.905    0.6773   0.03772   0.01087   0.03376
     80/99     6.78G   0.01923  0.002334 0.0008046   0.02237        14       320    0.5976     0.891    0.9043    0.6767   0.03776   0.01091   0.03414
     81/99     6.78G   0.01914   0.00231 0.0007793   0.02223        16       320    0.5917    0.8939    0.9007    0.6739   0.03782   0.01094   0.03492
     82/99     6.78G   0.01901  0.002302  0.000764   0.02207        11       320    0.5945    0.8856    0.8955    0.6694    0.0379   0.01097   0.03577
     83/99     6.78G   0.01903  0.002307 0.0007833   0.02212        14       320    0.5899     0.887    0.8949    0.6679   0.03795   0.01101    0.0363
     84/99     6.78G   0.01891  0.002301 0.0007388   0.02195        15       320    0.5932    0.8843    0.8962    0.6682   0.03799   0.01105   0.03666
     85/99     6.78G   0.01881  0.002275 0.0007153    0.0218        14       320    0.5919     0.884    0.8949    0.6674   0.03808   0.01108   0.03714
     86/99     6.78G   0.01872  0.002259 0.0007145   0.02169        12       320    0.5538    0.9307    0.8935    0.6654   0.03814   0.01111    0.0376
     87/99     6.78G   0.01866  0.002259   0.00072   0.02164        21       320    0.5915    0.8818    0.8911     0.664   0.03823   0.01113   0.03795
     88/99     6.78G   0.01845   0.00223 0.0007048   0.02139        14       320    0.5567    0.9275    0.8899     0.662   0.03828   0.01116     0.038
     89/99     6.78G   0.01848  0.002218  0.000681   0.02137         7       320    0.5796    0.8986    0.8881    0.6609   0.03832   0.01119   0.03836
     90/99     6.78G   0.01844  0.002234 0.0007131   0.02138        17       320    0.5607    0.9254    0.8888    0.6605   0.03832   0.01123    0.0385
     91/99     6.78G   0.01837  0.002219 0.0006659   0.02126         9       320    0.5723    0.9094    0.8904    0.6628   0.03833   0.01126    0.0386
     92/99     6.78G   0.01823  0.002204 0.0006471   0.02108        12       320    0.5781    0.9002    0.8921    0.6635    0.0384   0.01129   0.03889
     93/99     6.78G   0.01824  0.002223 0.0006493   0.02111         8       320    0.5742     0.905     0.891    0.6621   0.03844   0.01133   0.03923
     94/99     6.78G   0.01821  0.002202  0.000663   0.02108         9       320     0.568    0.9091    0.8901    0.6618   0.03852   0.01137   0.03968
     95/99     6.78G   0.01825  0.002213 0.0006395    0.0211         3       320    0.5887    0.8823    0.8905    0.6628   0.03855   0.01141   0.03985
     96/99     6.78G   0.01809    0.0022 0.0006481   0.02094         9       320    0.5884    0.8811     0.891    0.6634   0.03852   0.01144   0.04001
     97/99     6.78G    0.0179  0.002172 0.0006539   0.02073         8       320    0.5714    0.9027    0.8909    0.6637    0.0385   0.01148   0.04005
     98/99     6.78G   0.01803  0.002198 0.0006298   0.02085         8       320    0.5714    0.9033    0.8938    0.6655   0.03849   0.01151   0.03992
     99/99     6.78G   0.01794  0.002193 0.0006487   0.02078         5       320    0.5711    0.9015    0.8949    0.6659    0.0385   0.01155   0.03986
