      0/99     4.76G   0.06571  0.006364         0   0.07207        11       320    0.0182    0.1345  0.005911   0.00087   0.09501  0.009125         0
      1/99     6.82G   0.05637  0.006237         0   0.06261        16       320    0.7867    0.7077    0.7903     0.416   0.06947   0.00906         0
      2/99     6.82G   0.04703  0.005093         0   0.05212        16       320    0.7579    0.8154    0.8625    0.5436   0.06493  0.007132         0
      3/99     6.82G   0.04084  0.004427         0   0.04526        15       320    0.9355    0.8715    0.9517    0.6105   0.05737  0.006896         0
      4/99     6.82G   0.03665  0.004068         0   0.04072        13       320    0.8519    0.8307    0.9135    0.6107   0.06063  0.006507         0
      5/99     6.82G   0.03454  0.003882         0   0.03843         8       320    0.9502    0.9278    0.9679    0.6695   0.05302  0.007172         0
      6/99     6.82G   0.03297  0.003778         0   0.03675        15       320      0.98    0.8487     0.957     0.678   0.05292  0.007364         0
      7/99     6.82G   0.03169  0.003677         0   0.03536         7       320    0.9365    0.9115    0.9748    0.6636   0.05516  0.007022         0
      8/99     6.82G   0.03083  0.003559         0   0.03439        11       320      0.95    0.8464    0.9559    0.6713   0.05191  0.007548         0
      9/99     6.82G   0.02998   0.00348         0   0.03346         9       320    0.9621    0.8898     0.957     0.657    0.0504  0.007947         0
     10/99     6.82G   0.02937  0.003404         0   0.03277        22       320    0.9747    0.9687    0.9904    0.6844   0.04808  0.007821         0
     11/99     6.82G   0.02892  0.003373         0   0.03229        10       320    0.9797    0.9661    0.9895    0.6998   0.04515  0.008024         0
     12/99     6.82G   0.02846  0.003317         0   0.03178        19       320    0.9837    0.8958    0.9605    0.6767   0.04644  0.008555         0
     13/99     6.82G   0.02813  0.003263         0    0.0314         6       320     0.978     0.967    0.9893    0.7033   0.04246  0.008949         0
     14/99     6.82G   0.02757   0.00325         0   0.03082        18       320     0.995    0.9219    0.9804    0.7102   0.04274  0.008888         0
     15/99     6.82G   0.02728  0.003165         0   0.03045        13       320    0.9937    0.9679    0.9917    0.7242   0.03999  0.009141         0
     16/99     6.82G   0.02729  0.003184         0   0.03047        21       320    0.9783     0.941     0.983    0.7204   0.04123  0.009365         0
     17/99     6.82G   0.02678  0.003149         0   0.02993         9       320    0.9843    0.9288    0.9766    0.7106   0.04258  0.009066         0
     18/99     6.82G    0.0267  0.003109         0   0.02981        10       320    0.9944    0.9497    0.9892    0.7226   0.04071  0.009277         0
     19/99     6.82G   0.02643   0.00309         0   0.02952        19       320     0.991    0.9583    0.9884     0.733   0.03879  0.009613         0
     20/99     6.82G   0.02626  0.003076         0   0.02934        12       320      0.98     0.941    0.9801    0.7118   0.04137  0.009445         0
     21/99     6.82G   0.02594   0.00306         0     0.029        11       320    0.9925    0.9314    0.9848    0.7214   0.04169  0.009328         0
     22/99     6.82G    0.0257  0.003025         0   0.02873        12       320    0.9861    0.9262    0.9794    0.7342   0.03974  0.009618         0
     23/99     6.82G   0.02548  0.002999         0   0.02848        11       320    0.9961    0.9062    0.9708    0.7135   0.04076  0.009578         0
     24/99     6.82G   0.02551  0.003002         0   0.02851        14       320    0.9906    0.9219    0.9779    0.7208    0.0398  0.009733         0
     25/99     6.82G   0.02527  0.002954         0   0.02823        18       320    0.9757     0.921    0.9749    0.7182   0.03983  0.009859         0
     26/99     6.82G   0.02528  0.002975         0   0.02826         9       320    0.9866    0.9149    0.9724    0.7255   0.03974  0.009998         0
     27/99     6.82G     0.025  0.002953         0   0.02795        10       320    0.9861    0.9244    0.9752    0.7245   0.03992   0.00998         0
     28/99     6.82G   0.02491  0.002924         0   0.02783        12       320    0.9952    0.9193    0.9784     0.725   0.03892   0.01015         0
     29/99     6.82G   0.02481  0.002942         0   0.02776        13       320    0.9758    0.9462    0.9819    0.7264   0.03817   0.01022         0
     30/99     6.82G   0.02461  0.002892         0    0.0275        13       320    0.9863    0.9436    0.9854    0.7275   0.03777    0.0103         0
     31/99     6.82G   0.02456  0.002893         0   0.02745        17       320    0.9864    0.9435    0.9829    0.7263   0.03783   0.01034         0
     32/99     6.82G    0.0244  0.002889         0   0.02729        15       320    0.9864     0.947     0.983    0.7259   0.03761   0.01042         0
     33/99     6.82G   0.02425  0.002859         0   0.02711         9       320    0.9792    0.9436    0.9828    0.7276   0.03723    0.0105         0
     34/99     6.82G   0.02407  0.002855         0   0.02692         8       320    0.9773    0.9392    0.9817    0.7305   0.03706   0.01054         0
     35/99     6.82G   0.02397  0.002834         0    0.0268        17       320    0.9737    0.9497    0.9832    0.7313    0.0368   0.01058         0
     36/99     6.82G   0.02394   0.00283         0   0.02677        16       320    0.9835    0.9384    0.9829    0.7342    0.0366   0.01062         0
     37/99     6.82G    0.0238  0.002831         0   0.02663        14       320    0.9817    0.9358     0.982    0.7324   0.03659   0.01067         0
     38/99     6.82G   0.02367    0.0028         0   0.02647         9       320    0.9851    0.9306    0.9817    0.7301   0.03654   0.01069         0
     39/99     6.82G   0.02352  0.002771         0   0.02629         6       320     0.988    0.9288    0.9818    0.7309   0.03658   0.01072         0
     40/99     6.82G   0.02336  0.002759         0   0.02612         6       320    0.9843    0.9323    0.9822    0.7313   0.03666   0.01072         0
     41/99     6.82G   0.02332   0.00278         0    0.0261        13       320    0.9879    0.9288     0.983    0.7327   0.03662   0.01074         0
     42/99     6.82G   0.02329  0.002756         0   0.02604        14       320    0.9887    0.9271    0.9827    0.7348    0.0366   0.01077         0
     43/99     6.82G   0.02313  0.002745         0   0.02587        13       320    0.9844    0.9306    0.9821    0.7349   0.03654   0.01081         0
     44/99     6.82G   0.02306  0.002728         0   0.02579        10       320    0.9897    0.9288    0.9825    0.7352   0.03638   0.01085         0
     45/99     6.82G   0.02294  0.002697         0   0.02564         8       320    0.9934    0.9271    0.9827     0.736   0.03623   0.01088         0
     46/99     6.82G   0.02289  0.002695         0   0.02558        12       320     0.988    0.9323    0.9827     0.736   0.03615   0.01091         0
     47/99     6.82G   0.02267  0.002696         0   0.02537        11       320    0.9933    0.9288    0.9832    0.7371   0.03595   0.01096         0
     48/99     6.82G   0.02251   0.00266         0   0.02517        12       320    0.9908    0.9323    0.9837    0.7388   0.03582   0.01099         0
     49/99     6.82G   0.02252  0.002672         0    0.0252        14       320    0.9934    0.9323    0.9842    0.7389    0.0357   0.01101         0
     50/99     6.82G   0.02251  0.002674         0   0.02518        10       320    0.9953    0.9306    0.9855    0.7396   0.03557   0.01103         0
     51/99     6.82G   0.02239   0.00267         0   0.02506        11       320    0.9889    0.9392    0.9865    0.7393   0.03546   0.01104         0
     52/99     6.82G   0.02221  0.002647         0   0.02486         8       320    0.9913    0.9392    0.9867    0.7404   0.03542   0.01106         0
     53/99     6.82G   0.02204   0.00261         0   0.02465        11       320      0.99    0.9418    0.9867    0.7406   0.03539   0.01108         0
     54/99     6.82G   0.02206  0.002625         0   0.02469        16       320    0.9899    0.9418    0.9867    0.7423   0.03533   0.01111         0
     55/99     6.82G    0.0219  0.002594         0    0.0245        10       320    0.9915     0.941    0.9866    0.7434   0.03527   0.01114         0
     56/99     6.82G    0.0218   0.00258         0   0.02438        10       320    0.9917     0.941    0.9863    0.7431   0.03519   0.01117         0
     57/99     6.82G   0.02176  0.002578         0   0.02434        10       320    0.9918     0.941    0.9859    0.7441   0.03517    0.0112         0
     58/99     6.82G   0.02158  0.002567         0   0.02414        14       320    0.9908     0.941    0.9858    0.7441   0.03513   0.01124         0
     59/99     6.82G    0.0215  0.002553         0   0.02405         8       320    0.9806    0.9497    0.9859    0.7443   0.03509   0.01127         0
     60/99     6.82G    0.0213  0.002504         0    0.0238        15       320    0.9827    0.9488     0.986    0.7448   0.03504    0.0113         0
     61/99     6.82G   0.02127  0.002509         0   0.02378        15       320    0.9855     0.947    0.9862    0.7444   0.03501   0.01133         0
     62/99     6.82G   0.02116  0.002499         0   0.02366        12       320    0.9855     0.947    0.9865    0.7439   0.03497   0.01136         0
     63/99     6.82G     0.021  0.002503         0   0.02351         9       320    0.9854     0.947    0.9868    0.7437   0.03493   0.01139         0
     64/99     6.82G   0.02103  0.002491         0   0.02353        15       320    0.9855     0.947    0.9869    0.7447   0.03491   0.01142         0
     65/99     6.82G   0.02094  0.002493         0   0.02343        12       320    0.9864     0.947    0.9872    0.7444   0.03481   0.01146         0
     66/99     6.82G   0.02086  0.002483         0   0.02334        13       320    0.9855     0.947    0.9872    0.7449   0.03477   0.01149         0
     67/99     6.82G   0.02071  0.002452         0   0.02316         5       320    0.9891    0.9444    0.9873    0.7449   0.03474   0.01153         0
     68/99     6.82G   0.02066  0.002451         0   0.02311        19       320    0.9897    0.9444    0.9876     0.745   0.03469   0.01156         0
     69/99     6.82G   0.02058  0.002429         0     0.023        17       320    0.9881     0.947     0.988    0.7455   0.03459    0.0116         0
     70/99     6.82G   0.02035  0.002419         0   0.02276        19       320    0.9891    0.9453    0.9884    0.7454   0.03458   0.01162         0
     71/99     6.82G   0.02022  0.002426         0   0.02265        15       320    0.9936    0.9418    0.9885    0.7459   0.03455   0.01165         0
     72/99     6.82G   0.02019  0.002408         0    0.0226         9       320    0.9935    0.9418    0.9886     0.746   0.03452   0.01168         0
     73/99     6.82G   0.02009  0.002401         0   0.02249        14       320    0.9935    0.9418    0.9887    0.7457   0.03448   0.01172         0
     74/99     6.82G   0.01989   0.00236         0   0.02225        12       320    0.9882     0.947    0.9889    0.7458    0.0345   0.01174         0
     75/99     6.82G   0.01988  0.002356         0   0.02224        17       320    0.9899    0.9453    0.9887    0.7459   0.03451   0.01178         0
     76/99     6.82G   0.01985  0.002361         0   0.02221        14       320     0.989    0.9453    0.9883    0.7449   0.03453   0.01181         0
     77/99     6.82G   0.01981  0.002379         0   0.02219        16       320    0.9916    0.9436     0.988    0.7449   0.03452   0.01184         0
     78/99     6.82G   0.01972  0.002343         0   0.02206        11       320      0.99    0.9462    0.9883    0.7455   0.03455   0.01188         0
     79/99     6.82G   0.01949  0.002321         0   0.02181        11       320      0.99    0.9462    0.9885    0.7437   0.03453   0.01193         0
     80/99     6.82G   0.01945  0.002328         0   0.02178        14       320    0.9899    0.9479    0.9887    0.7443   0.03449   0.01197         0
     81/99     6.82G   0.01931  0.002326         0   0.02163        12       320    0.9909    0.9479    0.9893    0.7455   0.03443   0.01203         0
     82/99     6.82G   0.01924   0.00231         0   0.02154         8       320    0.9917    0.9479    0.9897    0.7457   0.03437   0.01207         0
     83/99     6.82G   0.01917  0.002286         0   0.02145        12       320    0.9918    0.9479    0.9898    0.7456   0.03436   0.01211         0
     84/99     6.82G   0.01908  0.002286         0   0.02136        10       320    0.9918    0.9479    0.9895    0.7462   0.03434   0.01216         0
     85/99     6.82G   0.01893  0.002247         0   0.02118         7       320    0.9916    0.9479    0.9897    0.7466   0.03433    0.0122         0
     86/99     6.82G    0.0189  0.002278         0   0.02118        11       320    0.9909    0.9479    0.9899    0.7468   0.03428   0.01224         0
     87/99     6.82G   0.01879  0.002234         0   0.02103         5       320    0.9909    0.9479    0.9903    0.7466   0.03429   0.01228         0
     88/99     6.82G   0.01875  0.002242         0     0.021        20       320      0.99    0.9479    0.9903    0.7463   0.03428   0.01232         0
     89/99     6.82G   0.01874  0.002248         0   0.02098        10       320     0.977    0.9609    0.9905    0.7456   0.03425   0.01236         0
     90/99     6.82G   0.01856  0.002229         0   0.02079        10       320      0.99    0.9479    0.9904    0.7456   0.03427    0.0124         0
     91/99     6.82G   0.01847  0.002234         0    0.0207         6       320      0.99    0.9479    0.9905    0.7456   0.03427   0.01244         0
     92/99     6.82G   0.01849  0.002219         0   0.02071        11       320    0.9891    0.9479    0.9898    0.7456   0.03429   0.01249         0
     93/99     6.82G   0.01844  0.002206         0   0.02065         8       320    0.9891    0.9479    0.9898     0.746   0.03429   0.01252         0
     94/99     6.82G   0.01839  0.002207         0   0.02059        11       320    0.9882    0.9487      0.99    0.7459   0.03431   0.01256         0
     95/99     6.82G   0.01842  0.002201         0   0.02062        11       320    0.9882    0.9497    0.9902    0.7459   0.03436   0.01259         0
     96/99     6.82G   0.01814  0.002193         0   0.02034         7       320    0.9865    0.9514    0.9906    0.7462   0.03439   0.01263         0
     97/99     6.82G   0.01823  0.002182         0   0.02041         5       320    0.9864    0.9514    0.9908    0.7449   0.03442   0.01267         0
     98/99     6.82G    0.0182  0.002183         0   0.02038        17       320    0.9845    0.9514    0.9909    0.7443   0.03445   0.01271         0
     99/99     6.82G    0.0182   0.00219         0    0.0204         8       320    0.9727    0.9635    0.9908     0.744   0.03449   0.01274         0
