      0/19     5.35G   0.02046  0.001496         0   0.02196        10       320    0.9104    0.8535    0.9384    0.6346   0.03603   0.01361         0
      1/19     6.78G   0.02223  0.001592         0   0.02383         6       320    0.8965    0.8773    0.9416    0.6178   0.03768   0.01257         0
      2/19     6.78G   0.02593  0.001908         0   0.02784        14       320    0.9141    0.8502      0.91    0.6069   0.04382   0.01054         0
      3/19     6.78G   0.02891  0.002172         0   0.03108         9       320    0.9387    0.8311    0.9263    0.6141   0.04018   0.01046         0
      4/19     6.78G    0.0281  0.002097         0   0.03019         6       320    0.8643    0.8076    0.8853    0.5992   0.04112   0.01057         0
      5/19     6.78G    0.0273  0.002045         0   0.02934         4       320    0.9002    0.8824     0.954    0.6465   0.03661   0.01072         0
      6/19     6.79G   0.02703  0.002039         0   0.02907        10       320    0.8791    0.8867    0.9459    0.6231   0.03876   0.01101         0
      7/19     6.79G   0.02629  0.001959         0   0.02825         4       320    0.9248    0.8659    0.9394    0.6397   0.03746   0.01094         0
      8/19     6.79G   0.02573  0.001936         0   0.02767         7       320    0.9355     0.867    0.9526    0.6392    0.0382   0.01089         0
      9/19     6.79G   0.02523  0.001889         0   0.02712        13       320    0.9577     0.904    0.9652    0.6443    0.0356   0.01123         0
     10/19     6.79G   0.02457  0.001835         0   0.02641        10       320    0.9108    0.8641    0.9477    0.6382   0.03936    0.0108         0
     11/19     6.79G   0.02426  0.001815         0   0.02608        10       320    0.9171    0.8911    0.9515    0.6476   0.03751   0.01124         0
     12/19     6.79G   0.02388  0.001776         0   0.02565         6       320     0.906    0.9113    0.9545    0.6425   0.03575   0.01159         0
     13/19     6.79G   0.02333   0.00174         0   0.02507         5       320    0.9316    0.9037    0.9706    0.6511   0.03501   0.01174         0
     14/19     6.79G   0.02283  0.001687         0   0.02452        10       320       0.9    0.9179    0.9629    0.6503   0.03486   0.01206         0
     15/19     6.79G   0.02239   0.00166         0   0.02405         8       320    0.9161    0.9007    0.9566     0.646   0.03515   0.01235         0
     16/19     6.79G   0.02196  0.001633         0   0.02359         9       320     0.896    0.8872    0.9532    0.6445   0.03551   0.01228         0
     17/19     6.79G   0.02161  0.001609         0   0.02322         6       320    0.8924    0.9051    0.9572    0.6445   0.03648   0.01235         0
     18/19     6.79G   0.02126  0.001584         0   0.02285        11       320     0.932     0.884    0.9632    0.6465   0.03604   0.01238         0
     19/19     6.79G   0.02094  0.001573         0   0.02251         5       320      0.92    0.8938     0.964    0.6463   0.03587   0.01248         0
