      0/99     6.31G   0.06824  0.005986         0   0.07423         7       320  0.006151   0.05604  0.003436 0.0005235   0.09572  0.008687         0
      1/99     6.38G    0.0605  0.006462         0   0.06697         8       320    0.4604    0.3232    0.3266    0.1258   0.08609  0.008299         0
      2/99     6.38G   0.05083  0.005734         0   0.05656        11       320    0.7499    0.6436    0.7116    0.3897   0.06774  0.008033         0
      3/99     6.38G   0.04257   0.00483         0    0.0474        10       320    0.8446    0.8267    0.8878    0.5557   0.05675  0.007843         0
      4/99     6.38G   0.03786   0.00435         0    0.0422        11       320    0.8671     0.807    0.8887    0.5563   0.05514  0.007702         0
      5/99     6.38G    0.0353   0.00417         0   0.03947        12       320     0.871    0.8374    0.8923    0.5606   0.05597  0.007491         0
      6/99     6.38G   0.03359  0.003947         0   0.03754        13       320    0.9007    0.8469    0.8977    0.5625   0.05378   0.00771         0
      7/99     6.38G    0.0326  0.003867         0   0.03646        16       320    0.9001    0.8751     0.921    0.6007   0.05312  0.007565         0
      8/99     6.38G   0.03138  0.003767         0   0.03515         7       320    0.9495    0.8395     0.943     0.614   0.04941    0.0079         0
      9/99     6.38G   0.03071  0.003641         0   0.03435         6       320     0.947    0.8904    0.9511    0.6335   0.04889  0.007863         0
     10/99     6.38G   0.02979   0.00357         0   0.03336        12       320    0.9183     0.852    0.9239    0.6051   0.04843  0.008554         0
     11/99     6.38G   0.02947  0.003488         0   0.03296        13       320    0.9357    0.8421    0.9239     0.597    0.0492  0.008323         0
     12/99     6.38G   0.02893  0.003489         0   0.03242        18       320    0.9107    0.8517    0.9171    0.6172   0.04803  0.008436         0
     13/99     6.38G   0.02857  0.003434         0   0.03201        24       320    0.9295    0.8791    0.9418     0.632   0.04786  0.008466         0
     14/99     6.38G   0.02819  0.003349         0   0.03154        13       320    0.9434    0.8828    0.9464    0.6346   0.04609  0.008764         0
     15/99     6.38G   0.02771  0.003316         0   0.03103         9       320     0.929    0.8728    0.9375    0.6296   0.04582  0.008839         0
     16/99     6.38G   0.02747  0.003297         0   0.03077         9       320    0.9188    0.8832    0.9453     0.639   0.04442  0.009008         0
     17/99     6.38G   0.02727  0.003248         0   0.03052        18       320    0.9321    0.8846    0.9423    0.6411   0.04445  0.009058         0
     18/99     6.38G   0.02716  0.003228         0   0.03039        10       320    0.9167    0.8783     0.938    0.6466   0.04423  0.009138         0
     19/99     6.38G   0.02672  0.003184         0   0.02991         7       320    0.9372    0.8853    0.9378    0.6355   0.04433  0.009216         0
     20/99     6.38G   0.02666  0.003165         0   0.02983        11       320    0.9307    0.8711    0.9369    0.6383   0.04463  0.009336         0
     21/99     6.38G   0.02633  0.003144         0   0.02947         8       320    0.9477     0.874    0.9571    0.6553   0.04413  0.009068         0
     22/99     6.38G   0.02623  0.003127         0   0.02936         9       320    0.9271    0.8839    0.9383    0.6353   0.04448  0.009354         0
     23/99     6.38G   0.02606  0.003093         0   0.02915        12       320    0.9401    0.8747    0.9438    0.6412   0.04309  0.009482         0
     24/99     6.38G   0.02595   0.00307         0   0.02902        14       320     0.933     0.881    0.9426    0.6424   0.04261  0.009533         0
     25/99     6.38G   0.02577  0.003063         0   0.02883         6       320    0.9344    0.8812    0.9426    0.6468   0.04263  0.009596         0
     26/99     6.38G   0.02567  0.003059         0   0.02872         6       320    0.9406    0.8941    0.9542     0.651    0.0421  0.009599         0
     27/99     6.38G   0.02544  0.003012         0   0.02845        24       320    0.9451    0.8868    0.9563    0.6527   0.04179  0.009558         0
     28/99     6.38G    0.0253  0.003006         0    0.0283        16       320    0.9447    0.8886     0.955    0.6584   0.04172  0.009613         0
     29/99     6.38G   0.02518  0.002966         0   0.02814        14       320    0.9407    0.8842    0.9519    0.6565   0.04195  0.009635         0
     30/99     6.38G   0.02519  0.002985         0   0.02817         8       320    0.9436    0.8828    0.9511    0.6564   0.04171   0.00972         0
     31/99     6.38G   0.02502  0.002996         0   0.02802        12       320     0.939    0.8872    0.9484    0.6567   0.04144  0.009797         0
     32/99     6.38G   0.02483  0.002949         0   0.02778         8       320     0.936    0.8868    0.9488    0.6559   0.04134  0.009818         0
     33/99     6.38G   0.02465  0.002927         0   0.02758        10       320     0.957    0.8674    0.9491    0.6553    0.0413  0.009852         0
     34/99     6.38G   0.02452  0.002918         0   0.02744        11       320    0.9544    0.8733    0.9495     0.656   0.04112  0.009883         0
     35/99     6.38G   0.02457  0.002914         0   0.02749        14       320    0.9514     0.878    0.9503    0.6586   0.04093  0.009895         0
     36/99     6.38G   0.02425  0.002869         0   0.02712        14       320    0.9497     0.878    0.9517    0.6597   0.04082  0.009917         0
     37/99     6.38G   0.02422  0.002914         0   0.02713        14       320    0.9407    0.8868    0.9524     0.661   0.04064  0.009936         0
     38/99     6.38G   0.02409  0.002867         0   0.02696        18       320    0.9404    0.8905     0.955     0.663   0.04046  0.009966         0
     39/99     6.38G   0.02403  0.002875         0    0.0269         5       320    0.9441    0.8883     0.956    0.6636   0.04035  0.009985         0
     40/99     6.38G   0.02388  0.002837         0   0.02672        14       320    0.9396    0.8941    0.9556     0.664   0.04026   0.01001         0
     41/99     6.38G   0.02376   0.00286         0   0.02662        22       320    0.9431    0.8929    0.9565    0.6646   0.04012   0.01002         0
     42/99     6.38G   0.02372  0.002838         0   0.02656        11       320    0.9396    0.8971    0.9568    0.6645      0.04   0.01003         0
     43/99     6.38G   0.02355  0.002821         0   0.02637        14       320    0.9401    0.8963    0.9571    0.6652    0.0399   0.01005         0
     44/99     6.38G   0.02344  0.002792         0   0.02624        14       320    0.9377    0.8967    0.9572    0.6663   0.03981   0.01008         0
     45/99     6.38G   0.02328  0.002812         0   0.02609        16       320    0.9409    0.8938    0.9568    0.6657   0.03972    0.0101         0
     46/99     6.38G    0.0232  0.002768         0   0.02597        14       320     0.931    0.9011    0.9567    0.6669   0.03961   0.01012         0
     47/99     6.38G   0.02323  0.002776         0   0.02601        10       320    0.9353    0.8974     0.956    0.6665   0.03953   0.01015         0
     48/99     6.38G     0.023  0.002746         0   0.02574        12       320    0.9395    0.8934    0.9562    0.6674   0.03942   0.01016         0
     49/99     6.38G    0.0229  0.002719         0   0.02562        13       320    0.9385    0.8945    0.9568    0.6673   0.03934   0.01018         0
     50/99     6.38G   0.02294  0.002738         0   0.02568        19       320    0.9387    0.8938    0.9558    0.6681   0.03926    0.0102         0
     51/99     6.38G   0.02258  0.002705         0   0.02529        15       320     0.931    0.9007    0.9553    0.6685   0.03919   0.01022         0
     52/99     6.38G   0.02258  0.002709         0   0.02528        13       320    0.9345    0.8992    0.9556    0.6682   0.03911   0.01024         0
     53/99     6.38G   0.02256  0.002701         0   0.02527        15       320    0.9358    0.8989    0.9551    0.6684   0.03904   0.01027         0
     54/99     6.38G   0.02231  0.002677         0   0.02499        10       320    0.9363    0.9004    0.9557    0.6685   0.03893   0.01029         0
     55/99     6.38G   0.02234  0.002682         0   0.02502        13       320    0.9384    0.8988    0.9555    0.6689   0.03885   0.01031         0
     56/99     6.38G   0.02224  0.002675         0   0.02491        12       320     0.938    0.8993    0.9558      0.67    0.0388   0.01033         0
     57/99     6.38G   0.02209   0.00264         0   0.02473        14       320    0.9386    0.8971    0.9555    0.6698   0.03875   0.01036         0
     58/99     6.38G   0.02183  0.002628         0   0.02445        12       320     0.939    0.8963    0.9552    0.6701   0.03868   0.01039         0
     59/99     6.38G   0.02184  0.002627         0   0.02447        12       320    0.9476    0.8879    0.9553    0.6699   0.03864   0.01041         0
     60/99     6.38G   0.02177   0.00261         0   0.02438        23       320    0.9355    0.8989    0.9551    0.6692   0.03858   0.01042         0
     61/99     6.38G   0.02153  0.002593         0   0.02412         9       320     0.936    0.8982    0.9544    0.6687   0.03854   0.01045         0
     62/99     6.38G   0.02154  0.002578         0   0.02412        18       320     0.946    0.8868    0.9538     0.669   0.03852   0.01047         0
     63/99     6.38G   0.02142  0.002591         0   0.02401        11       320    0.9264    0.9036    0.9537    0.6681    0.0385   0.01049         0
     64/99     6.38G    0.0212  0.002564         0   0.02376        10       320    0.9335    0.8952    0.9534    0.6678   0.03848   0.01051         0
     65/99     6.38G   0.02109  0.002551         0   0.02364         8       320    0.9404    0.8875    0.9514    0.6675   0.03848   0.01054         0
     66/99     6.38G   0.02122  0.002564         0   0.02378        14       320    0.9398    0.8886    0.9508    0.6671   0.03847   0.01057         0
     67/99     6.38G   0.02095  0.002549         0    0.0235        15       320     0.941    0.8883    0.9503    0.6664   0.03845   0.01059         0
     68/99     6.38G   0.02072  0.002481         0    0.0232        10       320     0.941    0.8883    0.9504    0.6667    0.0384   0.01062         0
     69/99     6.38G   0.02076  0.002515         0   0.02328         9       320     0.941    0.8875    0.9502    0.6666   0.03837   0.01064         0
     70/99     6.38G   0.02065  0.002493         0   0.02314        12       320    0.9279    0.9007    0.9499    0.6663   0.03834   0.01067         0
     71/99     6.38G   0.02047  0.002459         0   0.02293         8       320    0.9403    0.8883    0.9493    0.6662   0.03834   0.01069         0
     72/99     6.38G    0.0203  0.002491         0   0.02279        17       320    0.9232    0.9033    0.9487    0.6653   0.03834   0.01072         0
     73/99     6.38G   0.02039  0.002488         0   0.02287        14       320     0.933    0.8941    0.9485    0.6651    0.0383   0.01075         0
     74/99     6.38G    0.0203  0.002477         0   0.02278        14       320    0.9226    0.9044    0.9479    0.6648   0.03827   0.01077         0
     75/99     6.38G   0.02014   0.00242         0   0.02256        19       320    0.9331    0.8938    0.9471    0.6645   0.03827    0.0108         0
     76/99     6.38G   0.02002  0.002442         0   0.02246        13       320    0.9361    0.8919     0.947    0.6647   0.03824   0.01082         0
     77/99     6.38G   0.01993  0.002443         0   0.02237        14       320    0.9349    0.8941    0.9468    0.6649   0.03822   0.01084         0
     78/99     6.38G   0.01978  0.002397         0   0.02217         6       320    0.9362     0.893    0.9466    0.6652    0.0382   0.01086         0
     79/99     6.38G   0.01981  0.002399         0   0.02221        12       320    0.9352    0.8945     0.946    0.6654    0.0382   0.01088         0
     80/99     6.38G   0.01963  0.002393         0   0.02202        10       320    0.9353    0.8949    0.9462    0.6656   0.03819   0.01091         0
     81/99     6.38G   0.01963  0.002372         0     0.022         8       320    0.9333    0.8974    0.9462    0.6656   0.03818   0.01094         0
     82/99     6.38G   0.01941  0.002354         0   0.02176        12       320    0.9354    0.8971    0.9462    0.6649   0.03815   0.01097         0
     83/99     6.38G   0.01936  0.002353         0   0.02171         4       320    0.9354    0.8967    0.9463    0.6648   0.03814     0.011         0
     84/99     6.38G   0.01925  0.002323         0   0.02158        16       320    0.9312       0.9    0.9458    0.6644   0.03817   0.01102         0
     85/99     6.38G   0.01923  0.002326         0   0.02155        13       320    0.9341    0.8981    0.9459    0.6645   0.03819   0.01105         0
     86/99     6.38G   0.01907   0.00231         0   0.02138        11       320    0.9341    0.8993    0.9457    0.6639    0.0382   0.01108         0
     87/99     6.38G   0.01911  0.002318         0   0.02143        12       320    0.9337    0.8978    0.9452    0.6638   0.03821   0.01111         0
     88/99     6.38G   0.01897  0.002304         0   0.02127        12       320    0.9339    0.8963    0.9436    0.6633   0.03823   0.01114         0
     89/99     6.38G   0.01891  0.002303         0   0.02121         7       320    0.9337    0.8974    0.9438    0.6628   0.03824   0.01117         0
     90/99     6.38G   0.01886  0.002301         0   0.02116        12       320    0.9309    0.8985    0.9424    0.6623   0.03824    0.0112         0
     91/99     6.38G   0.01886  0.002291         0   0.02115        10       320    0.9323    0.8985    0.9428    0.6618   0.03825   0.01123         0
     92/99     6.38G   0.01875  0.002289         0   0.02104         9       320    0.9283    0.9014    0.9424    0.6614   0.03829   0.01125         0
     93/99     6.38G   0.01866  0.002264         0   0.02092         9       320    0.9315    0.8978    0.9421    0.6608   0.03831   0.01128         0
     94/99     6.38G   0.01866  0.002265         0   0.02093        15       320    0.9312     0.898    0.9412    0.6602   0.03832   0.01131         0
     95/99     6.38G   0.01849   0.00225         0   0.02074        13       320    0.9319    0.8974    0.9411    0.6599   0.03833   0.01134         0
     96/99     6.38G   0.01851  0.002237         0   0.02075         6       320    0.9315    0.8974    0.9408    0.6594   0.03831   0.01138         0
     97/99     6.38G   0.01842  0.002259         0   0.02068        20       320    0.9314    0.8967    0.9407    0.6588   0.03832   0.01141         0
     98/99     6.38G    0.0184  0.002232         0   0.02063        13       320    0.9272    0.9002    0.9405    0.6582    0.0383   0.01144         0
     99/99     6.38G   0.01837  0.002244         0   0.02062        13       320    0.9289    0.8996      0.94    0.6571    0.0383   0.01148         0
