      0/99     8.31G   0.07133  0.007188         0   0.07852        12       320    0.0048   0.02125  0.001955 0.0002851    0.0624  0.005272         0
      1/99     8.26G   0.06106  0.008127         0   0.06919        10       320    0.2271    0.1593    0.1001   0.03964   0.04795  0.005925         0
      2/99     8.26G   0.04535  0.007367         0   0.05272        11       320    0.7389    0.5941    0.6451     0.322   0.03622  0.004184         0
      3/99     8.26G    0.0389  0.006596         0   0.04549        23       320    0.7732    0.5805    0.6626    0.3458   0.03442  0.003893         0
      4/99     8.26G   0.03466   0.00602         0   0.04068         6       320    0.5493    0.7271     0.503    0.2898    0.0275  0.003885         0
      5/99     8.26G   0.03267  0.005716         0   0.03839        16       320    0.8987    0.7699    0.8549    0.5335   0.02513  0.003265         0
      6/99     8.26G   0.03092   0.00548         0    0.0364        12       320    0.8742    0.8142    0.8647    0.5447   0.02433  0.003142         0
      7/99     8.26G   0.02968  0.005243         0   0.03492         7       320    0.8954    0.8352    0.9048    0.5878   0.02284  0.002955         0
      8/99     8.26G   0.02905  0.005133         0   0.03418         9       320     0.922    0.8432    0.9223    0.5967   0.02214  0.002786         0
      9/99     8.26G   0.02865  0.005027         0   0.03368        13       320    0.9077    0.8505    0.9321    0.6197   0.02145  0.002818         0
     10/99     8.26G   0.02719  0.004919         0   0.03211         8       320    0.9401    0.8739    0.9522    0.6386   0.02041  0.002695         0
     11/99     8.26G   0.02698  0.004844         0   0.03182         6       320    0.9392    0.8721    0.9585    0.6327   0.02039   0.00274         0
     12/99     8.26G   0.02642  0.004763         0   0.03118        17       320    0.7744    0.8171     0.771    0.5128   0.02043  0.002863         0
     13/99     8.26G   0.02623   0.00465         0   0.03088        15       320    0.8511    0.8499    0.8416    0.5619   0.02127   0.00283         0
     14/99     8.26G   0.02562  0.004596         0   0.03022        11       320    0.9288    0.8758    0.9384      0.64    0.0203    0.0027         0
     15/99     8.26G   0.02501  0.004502         0   0.02952        11       320    0.9469    0.8641    0.9478     0.649   0.02041  0.002648         0
     16/99     8.26G   0.02518  0.004536         0   0.02972        16       320    0.9401    0.8879    0.9558    0.6533   0.01991   0.00263         0
     17/99     8.26G    0.0254  0.004592         0   0.02999         9       320    0.9467    0.8919    0.9573    0.6563   0.01953  0.002631         0
     18/99     8.26G   0.02454   0.00443         0   0.02897        11       320    0.9297    0.8927    0.9488    0.6524   0.01994  0.002666         0
     19/99     8.26G   0.02432  0.004359         0   0.02868        12       320     0.937    0.8938    0.9546    0.6598   0.01919  0.002639         0
     20/99     8.26G   0.02397  0.004355         0   0.02832        11       320    0.9369    0.8945    0.9538    0.6579   0.01945   0.00264         0
     21/99     8.26G   0.02361  0.004261         0   0.02787        11       320    0.9264    0.9044    0.9554    0.6669   0.01918  0.002638         0
     22/99     8.26G   0.02393  0.004295         0   0.02823        16       320    0.9522    0.9004    0.9667    0.6702   0.01872    0.0026         0
     23/99     8.26G   0.02387  0.004262         0   0.02813         9       320    0.9388     0.889    0.9555    0.6629   0.01897  0.002663         0
     24/99     8.26G   0.02357  0.004228         0    0.0278         8       320    0.9516    0.8886    0.9679    0.6709   0.01895   0.00263         0
     25/99     8.26G   0.02316  0.004205         0   0.02736         6       320     0.948    0.8883     0.966    0.6722   0.01894  0.002633         0
     26/99     8.26G    0.0229  0.004134         0   0.02704        18       320    0.9412    0.8934    0.9629    0.6741   0.01876  0.002623         0
     27/99     8.26G   0.02278   0.00415         0   0.02693        15       320    0.9314    0.9018     0.961    0.6742   0.01873  0.002634         0
     28/99     8.26G    0.0229  0.004099         0     0.027        13       320    0.9376     0.893     0.957    0.6738   0.01869  0.002653         0
     29/99     8.26G   0.02291  0.004145         0   0.02706        20       320     0.922    0.9007    0.9563    0.6744   0.01872  0.002655         0
     30/99     8.26G   0.02239  0.004113         0    0.0265        11       320    0.9228    0.8977    0.9578    0.6727   0.01868  0.002667         0
     31/99     8.26G   0.02274  0.004127         0   0.02686        10       320    0.9316    0.8982    0.9609    0.6759   0.01864   0.00265         0
     32/99     8.26G   0.02263  0.004149         0   0.02678         7       320    0.9225    0.9025    0.9602    0.6739   0.01876  0.002649         0
     33/99     8.26G   0.02289  0.004159         0   0.02705         9       320    0.9272    0.8907    0.9579    0.6733   0.01882  0.002648         0
     34/99     8.26G   0.02192  0.004031         0   0.02595        14       320     0.928    0.8927    0.9583    0.6748   0.01877  0.002649         0
     35/99     8.26G    0.0221  0.004009         0   0.02611        16       320    0.9281     0.894    0.9583    0.6755   0.01874  0.002649         0
     36/99     8.26G   0.02191  0.004004         0   0.02591        13       320    0.9262    0.8967    0.9602    0.6773   0.01868  0.002639         0
     37/99     8.26G   0.02207  0.003986         0   0.02606        15       320    0.9278    0.8996    0.9622    0.6779   0.01862  0.002625         0
     38/99     8.26G   0.02184  0.003981         0   0.02582        15       320    0.9316    0.8974    0.9624    0.6788    0.0186   0.00262         0
     39/99     8.26G   0.02175  0.003961         0   0.02571        11       320    0.9329    0.8963     0.962      0.68   0.01855  0.002615         0
     40/99     8.26G   0.02166  0.003937         0   0.02559         4       320    0.9331    0.8995    0.9638     0.681   0.01848  0.002607         0
     41/99     8.26G     0.021  0.003868         0   0.02487        18       320    0.9346       0.9    0.9644    0.6826   0.01844  0.002603         0
     42/99     8.26G   0.02113  0.003863         0   0.02499        18       320    0.9427     0.893    0.9646    0.6831   0.01841  0.002602         0
     43/99     8.26G   0.02095  0.003844         0   0.02479        13       320     0.932    0.9036    0.9651    0.6846   0.01836  0.002599         0
     44/99     8.26G   0.02095  0.003874         0   0.02482        15       320    0.9305    0.9071    0.9654    0.6848   0.01833  0.002595         0
     45/99     8.26G   0.02075  0.003844         0    0.0246         4       320    0.9399    0.8992    0.9659    0.6855    0.0183  0.002591         0
     46/99     8.26G   0.02058  0.003802         0   0.02439        19       320    0.9393    0.9018    0.9664    0.6858   0.01827  0.002587         0
     47/99     8.26G   0.02079  0.003772         0   0.02457         5       320    0.9431    0.8996    0.9664    0.6865   0.01826  0.002585         0
     48/99     8.26G   0.02054  0.003794         0   0.02433        13       320    0.9446    0.9007    0.9668    0.6864   0.01823  0.002582         0
     49/99     8.26G   0.02049  0.003752         0   0.02424        13       320    0.9446    0.9015    0.9664    0.6875   0.01821   0.00258         0
     50/99     8.82G   0.02046  0.003771         0   0.02423        12       320    0.9447    0.9018    0.9664    0.6884    0.0182   0.00258         0
     51/99     8.69G   0.02021  0.003742         0   0.02395        10       320    0.9457    0.9022    0.9667    0.6892   0.01819  0.002578         0
     52/99     8.69G   0.01994  0.003683         0   0.02363        11       320    0.9462    0.9025    0.9674    0.6899   0.01816  0.002575         0
     53/99     8.69G   0.02002  0.003686         0   0.02371        23       320    0.9473    0.9026    0.9676    0.6908   0.01814  0.002573         0
     54/99     8.69G    0.0196  0.003678         0   0.02328         6       320    0.9464    0.9058    0.9677    0.6899   0.01813  0.002573         0
     55/99     8.69G   0.01984  0.003682         0   0.02352        16       320    0.9466    0.9062    0.9679    0.6907   0.01812   0.00257         0
     56/99     8.69G   0.01964  0.003701         0   0.02334        12       320    0.9464    0.9059    0.9681    0.6911    0.0181  0.002567         0
     57/99     8.69G   0.01975  0.003661         0   0.02341         7       320    0.9493    0.9033    0.9682    0.6919   0.01809  0.002565         0
     58/99     8.69G   0.01969  0.003639         0   0.02333         9       320    0.9498    0.9033    0.9684    0.6919   0.01809  0.002564         0
     59/99     8.69G   0.01991  0.003663         0   0.02357        13       320    0.9472    0.9069    0.9691    0.6922   0.01807  0.002559         0
     60/99     8.69G   0.01916  0.003622         0   0.02278         8       320    0.9476    0.9068    0.9689    0.6927   0.01806  0.002554         0
     61/99     8.69G   0.01908  0.003627         0   0.02271         6       320    0.9486    0.9066    0.9692    0.6929   0.01805  0.002553         0
     62/99     8.69G   0.01902  0.003583         0    0.0226        17       320    0.9487    0.9081    0.9696    0.6936   0.01805  0.002552         0
     63/99     8.69G   0.01928  0.003555         0   0.02284        15       320    0.9494    0.9077    0.9693    0.6933   0.01805  0.002553         0
     64/99     8.69G   0.01897   0.00356         0   0.02253        11       320     0.949    0.9095    0.9703    0.6935   0.01804  0.002553         0
     65/99     8.69G   0.01866  0.003513         0   0.02218        11       320     0.949    0.9106    0.9703    0.6941   0.01803  0.002553         0
     66/99     8.69G   0.01869  0.003523         0   0.02221        16       320    0.9514    0.9106    0.9711    0.6941   0.01802  0.002551         0
     67/99     8.69G   0.01856  0.003507         0   0.02207         9       320    0.9514    0.9103    0.9714    0.6945   0.01802   0.00255         0
     68/99     8.69G   0.01848  0.003481         0   0.02196        11       320    0.9574    0.9047    0.9716    0.6947   0.01802  0.002551         0
     69/99     8.69G   0.01844  0.003457         0    0.0219        12       320    0.9574    0.9062    0.9722    0.6939   0.01802   0.00255         0
     70/99     8.69G   0.01824  0.003483         0   0.02173        11       320    0.9534    0.9084    0.9721     0.695   0.01801  0.002552         0
     71/99     8.69G   0.01824  0.003427         0   0.02166        11       320    0.9511    0.9117    0.9723    0.6954     0.018  0.002551         0
     72/99     8.69G    0.0183  0.003446         0   0.02174        16       320    0.9599    0.9037    0.9728    0.6954   0.01799  0.002551         0
     73/99     8.69G   0.01834   0.00344         0   0.02178         9       320    0.9587    0.9051    0.9729    0.6951   0.01798  0.002553         0
     74/99     8.69G   0.01814  0.003415         0   0.02155         8       320    0.9573    0.9062    0.9731     0.695   0.01798  0.002555         0
     75/99     8.69G   0.01789  0.003398         0   0.02129         6       320    0.9574    0.9062    0.9732    0.6954   0.01799  0.002557         0
     76/99     8.69G   0.01771  0.003362         0   0.02107        18       320    0.9573    0.9062    0.9731    0.6958   0.01798  0.002558         0
     77/99     8.69G   0.01765  0.003382         0   0.02103        15       320    0.9571    0.9061    0.9736    0.6958   0.01796  0.002559         0
     78/99     8.69G   0.01776  0.003343         0    0.0211        13       320    0.9557    0.9081    0.9742     0.696   0.01795   0.00256         0
     79/99     8.69G   0.01785  0.003387         0   0.02123        20       320    0.9563    0.9077    0.9739    0.6965   0.01796  0.002562         0
     80/99     8.69G   0.01729  0.003337         0   0.02063        11       320    0.9563    0.9081    0.9745    0.6958   0.01795  0.002563         0
     81/99     8.69G   0.01772  0.003365         0   0.02108        10       320    0.9574    0.9062    0.9746    0.6962   0.01796  0.002565         0
     82/99     8.69G   0.01719   0.00331         0    0.0205         7       320    0.9603    0.9032    0.9745    0.6959   0.01796  0.002568         0
     83/99     8.69G   0.01732  0.003283         0    0.0206         9       320    0.9588     0.904    0.9746    0.6964   0.01797  0.002569         0
     84/99     8.69G   0.01694  0.003278         0   0.02021        14       320     0.954    0.9077    0.9746    0.6965   0.01798  0.002572         0
     85/99     8.69G   0.01714  0.003265         0    0.0204        16       320    0.9549    0.9069    0.9743    0.6963     0.018  0.002575         0
     86/99     8.69G    0.0169   0.00326         0   0.02016        13       320    0.9537    0.9077     0.974     0.696   0.01801  0.002578         0
     87/99     8.69G   0.01717  0.003269         0   0.02044        15       320    0.9511    0.9095    0.9738    0.6963   0.01802  0.002582         0
     88/99     8.69G     0.017  0.003253         0   0.02025        15       320    0.9347    0.9234    0.9739    0.6958   0.01803  0.002585         0
     89/99     8.69G   0.01706  0.003256         0   0.02032        11       320    0.9407    0.9168    0.9739    0.6956   0.01804  0.002587         0
     90/99     8.69G   0.01684  0.003247         0   0.02008         4       320    0.9397    0.9187     0.974    0.6949   0.01805  0.002591         0
     91/99     8.69G   0.01643  0.003205         0   0.01964        18       320    0.9393    0.9194    0.9739    0.6948   0.01806  0.002595         0
     92/99     8.69G   0.01657  0.003209         0   0.01978        18       320    0.9387    0.9198     0.973    0.6946   0.01808  0.002599         0
     93/99     8.69G   0.01649  0.003192         0   0.01968        13       320    0.9374    0.9208    0.9729    0.6939   0.01809  0.002603         0
     94/99     8.69G   0.01647  0.003214         0   0.01968        15       320    0.9372    0.9194    0.9728     0.693   0.01811  0.002606         0
     95/99     8.69G   0.01648  0.003183         0   0.01967         4       320    0.9372    0.9194    0.9728    0.6929   0.01812  0.002609         0
     96/99     8.69G   0.01632  0.003165         0   0.01948        19       320    0.9355    0.9201    0.9725    0.6926   0.01814  0.002614         0
     97/99     8.69G   0.01644  0.003139         0   0.01958         5       320    0.9341    0.9205    0.9721    0.6927   0.01817  0.002618         0
     98/99     8.69G   0.01611  0.003157         0   0.01926        13       320    0.9239    0.9299    0.9718    0.6918   0.01819  0.002623         0
     99/99     8.69G    0.0163   0.00313         0   0.01943        13       320    0.9338    0.9197    0.9715     0.692    0.0182  0.002626         0
