      0/99     2.17G   0.07593  0.009985     0.032    0.1179        18       320  0.008826   0.05047  0.003034 0.0005633    0.1046   0.01516   0.02993
      1/99      2.2G   0.06425   0.01107   0.02981    0.1051       105       320    0.0399   0.09214   0.01421  0.003177   0.09844   0.01603   0.02886
      2/99      2.2G   0.05881    0.0116   0.02713   0.09753        22       320    0.1599    0.1356   0.05527   0.01726   0.09114    0.0155   0.02675
      3/99      2.2G   0.05525   0.01163   0.02449   0.09137        62       320    0.2938    0.1678    0.1223   0.04751   0.08619   0.01525   0.02536
      4/99      2.2G   0.05284   0.01172   0.02174    0.0863        42       320    0.3529    0.2532    0.2073   0.09441   0.08197   0.01511   0.02322
      5/99      2.2G   0.05131   0.01162   0.01985   0.08278        35       320    0.3797    0.2631    0.2388     0.112   0.07926   0.01518   0.02293
      6/99      2.2G   0.04996   0.01157   0.01823   0.07976        67       320    0.4408    0.3029    0.2987    0.1453   0.07769   0.01477   0.02122
      7/99      2.2G    0.0489   0.01138   0.01701   0.07728        50       320    0.4867    0.3266    0.3315    0.1679   0.07634   0.01485   0.02029
      8/99      2.2G   0.04785   0.01138   0.01595   0.07518        85       320    0.5147    0.3485    0.3643    0.1853   0.07451   0.01476   0.01985
      9/99      2.2G   0.04722   0.01124   0.01545    0.0739        33       320    0.5095    0.3692    0.3776    0.1994   0.07317   0.01453   0.01917
     10/99      2.2G   0.04668   0.01128   0.01475   0.07271        65       320    0.5348     0.383    0.3962    0.2102   0.07232   0.01478   0.01936
     11/99      2.2G   0.04596   0.01127   0.01432   0.07156        61       320    0.5449    0.3983    0.4168    0.2251   0.07139   0.01435   0.01917
     12/99      2.2G   0.04543   0.01121   0.01391   0.07055        54       320    0.5415    0.4232    0.4336    0.2378   0.06976   0.01462     0.019
     13/99      2.2G   0.04504   0.01118   0.01343   0.06965        36       320    0.5297    0.4452     0.451    0.2515    0.0694   0.01443   0.01922
     14/99      2.2G   0.04447    0.0111   0.01315   0.06871        58       320    0.5587    0.4437    0.4588    0.2622   0.06851   0.01435   0.01912
     15/99      2.2G   0.04426     0.011   0.01286   0.06812        35       320    0.6136    0.4338    0.4758    0.2711   0.06805   0.01435   0.01813
     16/99      2.2G   0.04379   0.01105   0.01241   0.06725        34       320     0.627    0.4382    0.4816    0.2736   0.06718   0.01448   0.01882
     17/99      2.2G   0.04338   0.01101   0.01222   0.06661        14       320    0.6336    0.4504    0.4941    0.2854   0.06649   0.01441    0.0189
     18/99      2.2G   0.04307   0.01101   0.01214   0.06622        60       320    0.6668    0.4425    0.5002    0.2945   0.06597   0.01438   0.01879
     19/99      2.2G   0.04296   0.01095   0.01198   0.06589        46       320    0.6302    0.4658    0.5107    0.2955   0.06563   0.01427   0.01822
     20/99      2.2G    0.0426   0.01099   0.01165   0.06524        37       320    0.6044    0.4898    0.5169    0.3014   0.06471   0.01446   0.01799
     21/99      2.2G    0.0423   0.01089   0.01134   0.06453        26       320    0.6707    0.4634    0.5229    0.3099   0.06445    0.0143   0.01831
     22/99      2.2G   0.04215   0.01091   0.01125    0.0643        44       320    0.6309    0.4862    0.5278    0.3152   0.06417   0.01433   0.01813
     23/99      2.2G   0.04182   0.01082   0.01115    0.0638        41       320    0.6592    0.4888    0.5368    0.3213   0.06352   0.01429   0.01827
     24/99      2.2G   0.04184   0.01073   0.01115   0.06372        53       320    0.6414    0.4961    0.5415    0.3242   0.06346   0.01423   0.01762
     25/99      2.2G   0.04146   0.01086   0.01086   0.06318        34       320    0.6314    0.5005    0.5442    0.3282   0.06302   0.01421   0.01794
     26/99      2.2G   0.04132   0.01073   0.01084   0.06289        62       320    0.6746    0.4846    0.5489    0.3342   0.06248   0.01428   0.01774
     27/99      2.2G   0.04124   0.01074   0.01064   0.06262        29       320    0.6486    0.5093    0.5544    0.3361   0.06236   0.01421   0.01758
     28/99     2.21G     0.041   0.01073    0.0105   0.06223        24       320    0.6779    0.5001    0.5571    0.3378   0.06199   0.01425   0.01762
     29/99     2.21G   0.04081   0.01069   0.01045   0.06195        26       320     0.658    0.5166    0.5622    0.3439   0.06155   0.01418   0.01759
     30/99     2.21G   0.04062   0.01067   0.01041   0.06169        47       320    0.6655     0.517    0.5659    0.3474   0.06112   0.01425   0.01757
     31/99     2.21G   0.04028   0.01069   0.01012   0.06109        26       320     0.672    0.5122    0.5665    0.3506    0.0609   0.01429   0.01748
     32/99     2.21G   0.04019    0.0107   0.01007   0.06096        37       320     0.649    0.5278    0.5704    0.3514   0.06057   0.01429   0.01748
     33/99     2.21G    0.0403   0.01062  0.009914   0.06083        51       320    0.6601      0.53    0.5754    0.3554   0.06033   0.01426   0.01762
     34/99     2.21G   0.03996   0.01059  0.009887   0.06044        44       320    0.7116    0.5089    0.5781    0.3587   0.06004   0.01426   0.01743
     35/99     2.21G   0.04008   0.01061   0.00995   0.06063        21       320    0.7181     0.508    0.5839    0.3627   0.05988   0.01421   0.01737
     36/99     2.21G   0.03976   0.01054   0.00984   0.06014        56       320    0.6939     0.527    0.5882    0.3641   0.05974    0.0142   0.01745
     37/99     2.21G   0.03975   0.01055  0.009732   0.06003        49       320    0.6791    0.5383    0.5904    0.3671   0.05959   0.01424   0.01743
     38/99     2.21G   0.03955   0.01058  0.009623   0.05976        35       320    0.6877    0.5396    0.5936    0.3681   0.05935   0.01426   0.01739
     39/99     2.21G   0.03944   0.01055  0.009564   0.05956        49       320    0.6788    0.5448    0.5941    0.3692   0.05916   0.01426   0.01732
     40/99     2.21G   0.03926   0.01052  0.009436   0.05921        55       320    0.6815    0.5462    0.5961    0.3719     0.059   0.01426   0.01727
     41/99     2.21G   0.03925   0.01057  0.009377   0.05919        35       320    0.7023    0.5375    0.5979    0.3735    0.0588   0.01426   0.01727
     42/99     2.21G   0.03925   0.01053  0.009287   0.05907        59       320    0.7075    0.5367    0.6008    0.3742   0.05867   0.01427   0.01732
     43/99     2.21G   0.03894   0.01051  0.009204   0.05865        28       320     0.683    0.5504    0.6021    0.3754   0.05854   0.01427   0.01727
     44/99     2.21G     0.039   0.01047  0.009217   0.05869        44       320    0.7018    0.5428    0.6043    0.3773    0.0584   0.01428   0.01724
     45/99     2.21G   0.03883    0.0105  0.009169   0.05851        46       320     0.708    0.5439    0.6063    0.3788   0.05828   0.01429   0.01719
     46/99     2.21G   0.03855   0.01044  0.009113    0.0581        28       320    0.7015    0.5464    0.6066      0.38   0.05819    0.0143   0.01715
     47/99     2.21G   0.03829   0.01037  0.008884   0.05754        51       320    0.7185    0.5389    0.6084    0.3811   0.05807   0.01432   0.01708
     48/99     2.21G   0.03847   0.01037   0.00895    0.0578        31       320    0.7187    0.5396    0.6087    0.3827   0.05799   0.01432   0.01708
     49/99     2.21G   0.03833   0.01033  0.008788   0.05745        23       320    0.7109    0.5443    0.6093    0.3837   0.05789   0.01432   0.01706
     50/99     2.21G   0.03818   0.01039  0.008708   0.05728        60       320       0.7     0.551    0.6104    0.3856   0.05779   0.01433   0.01706
     51/99     2.21G   0.03808   0.01033  0.008593     0.057        45       320    0.6944    0.5536    0.6109    0.3859   0.05769   0.01433   0.01706
     52/99     2.21G   0.03791   0.01031  0.008595   0.05682        82       320    0.6879    0.5572    0.6119    0.3871    0.0576   0.01434   0.01706
     53/99     2.21G   0.03793   0.01033  0.008522   0.05679        20       320    0.6891    0.5587    0.6138     0.389   0.05753   0.01434   0.01705
     54/99     2.21G   0.03769   0.01032  0.008411   0.05642        90       320     0.737     0.535    0.6137    0.3898   0.05745   0.01435   0.01704
     55/99     2.21G   0.03771    0.0103  0.008344   0.05635        71       320    0.7274    0.5411    0.6149    0.3906   0.05737   0.01436   0.01703
     56/99     2.21G   0.03759   0.01025  0.008354    0.0562        54       320    0.7373    0.5378     0.616    0.3912    0.0573   0.01436     0.017
     57/99     2.21G   0.03742   0.01011  0.008203   0.05573        54       320    0.7358    0.5391    0.6171    0.3918   0.05723   0.01436   0.01697
     58/99     2.21G   0.03735    0.0102  0.008189   0.05574        32       320    0.7172    0.5511    0.6182    0.3923   0.05715   0.01436   0.01693
     59/99     2.21G   0.03726   0.01023  0.008242   0.05573        25       320    0.7383    0.5412    0.6185    0.3929   0.05709   0.01437   0.01691
     60/99     2.21G   0.03723   0.01025  0.008076   0.05556        72       320    0.7384    0.5407    0.6188    0.3937   0.05703   0.01438   0.01687
     61/99     2.21G   0.03695   0.01019  0.008101   0.05524        68       320    0.7411    0.5397    0.6195    0.3941   0.05697   0.01438   0.01683
     62/99     2.21G     0.037   0.01019  0.007882   0.05506        42       320    0.7128    0.5566    0.6211    0.3943   0.05691   0.01438   0.01681
     63/99     2.21G   0.03679   0.01024  0.007912   0.05494        42       320    0.7117    0.5571    0.6214    0.3951   0.05685   0.01438   0.01681
     64/99     2.21G   0.03669   0.01011  0.007831   0.05463        25       320     0.709    0.5598    0.6217    0.3959   0.05679   0.01438   0.01679
     65/99     2.21G   0.03663   0.01004   0.00778   0.05445        27       320    0.7105    0.5618     0.623    0.3964   0.05673   0.01439   0.01677
     66/99     2.21G   0.03652    0.0101  0.007715   0.05433        26       320    0.7082    0.5646    0.6233    0.3971   0.05667   0.01438   0.01676
     67/99     2.21G   0.03647   0.01003  0.007573   0.05407        32       320     0.711    0.5643     0.624    0.3979   0.05662   0.01439   0.01674
     68/99     2.21G   0.03647   0.01003  0.007583   0.05408        77       320     0.714    0.5643    0.6248    0.3981   0.05657   0.01439   0.01673
     69/99     2.21G   0.03632   0.01003  0.007604   0.05395        19       320    0.7209    0.5603    0.6255    0.3987   0.05652   0.01439   0.01672
     70/99     2.21G   0.03619      0.01  0.007501    0.0537        35       320    0.7122     0.566    0.6262    0.3991   0.05646    0.0144    0.0167
     71/99     2.21G   0.03602  0.009998  0.007468   0.05349        51       320    0.7197    0.5628     0.627    0.4002   0.05641    0.0144   0.01669
     72/99     2.21G   0.03602  0.009989  0.007351   0.05336        22       320    0.7186    0.5633    0.6279    0.4011   0.05636   0.01441   0.01667
     73/99     2.21G   0.03605  0.009935  0.007353   0.05334        37       320    0.7296    0.5584    0.6282    0.4015   0.05631   0.01442   0.01665
     74/99     2.21G   0.03587   0.01004  0.007197    0.0531        67       320     0.729    0.5621    0.6301    0.4023   0.05626   0.01442   0.01663
     75/99     2.21G   0.03562  0.009899  0.007147   0.05267        35       320    0.7312    0.5609    0.6305    0.4031   0.05621   0.01442   0.01661
     76/99     2.21G   0.03565  0.009999  0.007123   0.05277        80       320     0.729    0.5624    0.6313    0.4033   0.05616   0.01444   0.01658
     77/99     2.21G   0.03558  0.009824  0.007048   0.05245        76       320    0.7265     0.565    0.6322    0.4038    0.0561   0.01444   0.01656
     78/99     2.21G   0.03542  0.009824  0.006871   0.05211        36       320    0.7343    0.5616    0.6326    0.4045   0.05605   0.01446   0.01655
     79/99     2.21G   0.03539  0.009826  0.006893   0.05211        54       320     0.739    0.5603    0.6334    0.4049     0.056   0.01447   0.01652
     80/99     2.21G   0.03545  0.009913  0.006998   0.05236        28       320      0.74    0.5605    0.6343     0.406   0.05595   0.01447    0.0165
     81/99     2.21G   0.03506  0.009756  0.006786    0.0516        34       320     0.742    0.5596    0.6346    0.4064    0.0559   0.01448   0.01647
     82/99     2.21G   0.03522  0.009825  0.006856   0.05191        63       320    0.7378     0.564    0.6355    0.4069   0.05586   0.01448   0.01644
     83/99     2.21G   0.03522  0.009789  0.006731   0.05174        34       320    0.7393    0.5642    0.6362    0.4075   0.05582   0.01449   0.01642
     84/99     2.21G   0.03511  0.009847  0.006685   0.05164        53       320    0.7466    0.5613    0.6369    0.4082   0.05577    0.0145    0.0164
     85/99     2.21G    0.0349  0.009822  0.006622   0.05134        40       320    0.7469    0.5625    0.6379    0.4088   0.05572   0.01451   0.01638
     86/99     2.21G   0.03493  0.009724  0.006566   0.05122        94       320    0.7448    0.5636    0.6387    0.4097   0.05568   0.01452   0.01635
     87/99     2.21G   0.03499  0.009845   0.00655   0.05139        56       320    0.7505    0.5617    0.6394    0.4107   0.05563   0.01453   0.01634
     88/99     2.21G    0.0347    0.0098  0.006445   0.05094        41       320    0.7519    0.5617    0.6401    0.4107   0.05559   0.01454   0.01632
     89/99     2.21G   0.03457  0.009728  0.006401    0.0507        13       320    0.7528    0.5621    0.6405    0.4117   0.05554   0.01455    0.0163
     90/99     2.21G   0.03462  0.009686  0.006386   0.05069        20       320    0.7056    0.5899     0.641    0.4123    0.0555   0.01456   0.01628
     91/99     2.21G   0.03446   0.00973  0.006332   0.05053        87       320    0.7059    0.5908    0.6418    0.4132   0.05546   0.01457   0.01626
     92/99     2.21G   0.03447  0.009628  0.006345   0.05045        29       320    0.7073    0.5896    0.6426    0.4135   0.05542   0.01458   0.01623
     93/99     2.21G   0.03455  0.009656  0.006287   0.05049        48       320    0.7337    0.5755    0.6434    0.4142   0.05537   0.01459   0.01622
     94/99     2.21G   0.03462  0.009733  0.006345    0.0507        75       320    0.7091    0.5919    0.6442    0.4147   0.05533    0.0146    0.0162
     95/99     2.21G   0.03429  0.009596  0.006262   0.05014        57       320    0.7294    0.5802    0.6447    0.4151   0.05528   0.01461   0.01618
     96/99     2.21G   0.03437  0.009652  0.006146   0.05017        47       320    0.7123    0.5917    0.6452    0.4157   0.05524   0.01462   0.01617
     97/99     2.21G   0.03435  0.009662   0.00617   0.05018        29       320    0.7205     0.587    0.6457     0.416   0.05519   0.01462   0.01615
     98/99     2.21G    0.0343  0.009615  0.006253   0.05017        49       320    0.7214     0.588    0.6463    0.4162   0.05515   0.01463   0.01614
     99/99     2.21G   0.03429  0.009597  0.006178   0.05006        68       320    0.7245    0.5866    0.6469    0.4172   0.05511   0.01464   0.01611
