      0/99     2.17G   0.07112  0.007867         0   0.07898         1       320  0.008085    0.5016  0.008408  0.001238   0.09545  0.009176         0
      1/99      2.2G   0.06937  0.007148         0   0.07652         6       320   0.01369    0.1223  0.008484  0.001235   0.09869  0.008403         0
      2/99      2.2G   0.06888  0.006758         0   0.07564         4       320   0.01803    0.1473  0.009355  0.001408    0.1109   0.01184         0
      3/99      2.2G   0.06782  0.007121         0   0.07495         4       320  0.003976    0.1129  0.001951 0.0002958    0.1161  0.005782         0
      4/99      2.2G   0.06637  0.007111         0   0.07348         4       320   0.00935    0.2571  0.006725  0.001044   0.09777  0.007912         0
      5/99      2.2G   0.06581  0.007296         0    0.0731         4       320   0.01754    0.0721   0.01147  0.001698   0.09301  0.008752         0
      6/99      2.2G   0.06506  0.007321         0   0.07238         2       320   0.02049    0.1348   0.01159  0.001768   0.09724  0.008122         0
      7/99      2.2G   0.06376  0.007673         0   0.07143         6       320     0.116    0.1567    0.0609   0.01219   0.09368  0.008485         0
      8/99      2.2G   0.06219  0.008011         0    0.0702         6       320    0.1516   0.09404   0.04791    0.0105   0.09405  0.007975         0
      9/99      2.2G   0.05994  0.008031         0   0.06798         1       320    0.1823    0.1724       0.1   0.02647   0.08757  0.008928         0
     10/99      2.2G   0.05897  0.008196         0   0.06716         6       320    0.1318    0.2351   0.08497   0.02193   0.09055  0.008745         0
     11/99      2.2G   0.05763  0.008027         0   0.06565         2       320    0.2696    0.2884    0.1945   0.06568   0.08686  0.008602         0
     12/99      2.2G   0.05654  0.007883         0   0.06442         1       320    0.4156    0.2665    0.2576   0.08742   0.08333  0.009044         0
     13/99      2.2G   0.05528  0.008047         0   0.06333         4       320    0.4655    0.3166    0.3237    0.1235   0.08183  0.008906         0
     14/99      2.2G   0.05389  0.007772         0   0.06167         0       320    0.3904    0.3824    0.3268    0.1304   0.08046  0.008905         0
     15/99      2.2G   0.05519  0.007639         0   0.06283         1       320    0.4996    0.4107    0.3876    0.1576   0.08336   0.00844         0
     16/99      2.2G   0.05355  0.007558         0   0.06111         4       320    0.6142    0.3918    0.4507    0.2082   0.07874  0.008585         0
     17/99      2.2G   0.05314  0.007669         0   0.06081         4       320    0.4965    0.5141    0.4736    0.2114   0.07284  0.009101         0
     18/99      2.2G   0.05186  0.007291         0   0.05915         2       320    0.4512    0.4702    0.4288    0.1951   0.07626  0.008894         0
     19/99      2.2G     0.051   0.00753         0   0.05853         4       320    0.5574    0.5882    0.5402     0.264   0.07135  0.008958         0
     20/99      2.2G   0.04865  0.007361         0   0.05601         2       320    0.6257    0.5987      0.61    0.3337   0.06762   0.00886         0
     21/99      2.2G   0.04956  0.007019         0   0.05658         3       320    0.5506    0.5956    0.5737    0.2888   0.06995  0.008716         0
     22/99      2.2G   0.04849  0.007243         0   0.05573         4       320    0.6502    0.5643     0.579    0.3183   0.06932  0.008471         0
     23/99      2.2G   0.04789  0.007379         0   0.05527         7       320    0.6472     0.598    0.6052    0.3395   0.06526  0.008704         0
     24/99      2.2G    0.0452  0.007195         0    0.0524         2       320     0.726    0.5737    0.6362    0.3598   0.06237  0.008817         0
     25/99      2.2G    0.0469  0.007049         0   0.05395         4       320    0.7224    0.6038    0.6322    0.3681   0.06761  0.008102         0
     26/99      2.2G   0.04584   0.00695         0   0.05279         4       320    0.7195     0.605    0.6738    0.3892   0.06427  0.008503         0
     27/99      2.2G   0.04504  0.006866         0    0.0519         2       320    0.7104    0.6646    0.6926    0.4096   0.06258  0.008248         0
     28/99      2.2G   0.04549  0.006854         0   0.05234         1       320    0.7545     0.652    0.7121    0.4255   0.05276  0.009238         0
     29/99      2.2G   0.04407  0.006725         0   0.05079         4       320    0.7438    0.6928    0.7336    0.4602   0.05374  0.008905         0
     30/99      2.2G   0.04456  0.006836         0    0.0514         3       320    0.7322    0.7116    0.7465     0.482   0.05111  0.009017         0
     31/99      2.2G   0.04465  0.007071         0   0.05173         4       320    0.7019    0.6583    0.6835    0.4296   0.05408  0.009063         0
     32/99      2.2G   0.04393  0.006902         0   0.05083         4       320    0.7725     0.692    0.7478    0.4675   0.05254  0.008849         0
     33/99      2.2G   0.04253  0.006713         0   0.04924         4       320    0.7922    0.7053    0.7506    0.4643   0.04906  0.009302         0
     34/99      2.2G   0.04348  0.006796         0   0.05028         2       320    0.7639    0.7303    0.7493    0.4915   0.04744  0.009276         0
     35/99      2.2G   0.04288  0.006676         0   0.04955         7       320    0.7938    0.6928    0.7544    0.4878   0.04853  0.008898         0
     36/99      2.2G   0.04233   0.00673         0   0.04906         1       320    0.8015    0.6708    0.7605    0.4979   0.04877  0.009002         0
     37/99      2.2G   0.04099  0.006647         0   0.04764         2       320    0.7984    0.6704    0.7673    0.5043   0.05313  0.008465         0
     38/99      2.2G   0.04152  0.006743         0   0.04826         1       320    0.8155    0.6926    0.7752    0.5022   0.05029  0.008597         0
     39/99      2.2G   0.04026  0.006507         0   0.04676         6       320    0.8544     0.721    0.8092    0.5265   0.04956  0.008754         0
     40/99      2.2G   0.03942  0.006578         0     0.046         2       320    0.7703    0.7586    0.7962    0.5385   0.04724  0.008825         0
     41/99      2.2G   0.03935  0.006401         0   0.04575         2       320    0.8082    0.7395    0.8045    0.5376   0.04793  0.008738         0
     42/99      2.2G   0.03965  0.006514         0   0.04616         8       320    0.7761    0.7171    0.7766    0.5283   0.05288  0.008424         0
     43/99      2.2G   0.03929  0.006195         0   0.04548         4       320     0.835    0.7147     0.806    0.5488   0.04977  0.008337         0
     44/99      2.2G   0.03795  0.006282         0   0.04423         1       320    0.8435    0.7273    0.8091    0.5299   0.05283  0.008037         0
     45/99      2.2G   0.03823  0.006312         0   0.04454         1       320    0.7871    0.7534    0.8081    0.5436   0.05185  0.008121         0
     46/99      2.2G   0.03737  0.006076         0   0.04344         0       320    0.8716     0.702    0.8211    0.5601   0.04957  0.008238         0
     47/99      2.2G   0.03761  0.006159         0   0.04376         4       320    0.7649    0.7868    0.8051    0.5569   0.04791  0.008311         0
     48/99      2.2G   0.03742   0.00597         0   0.04339         1       320    0.8233    0.7741      0.82    0.5579    0.0515  0.007963         0
     49/99      2.2G   0.03748  0.006221         0    0.0437         2       320    0.8554    0.7273    0.8218    0.5852   0.04857  0.008118         0
     50/99      2.2G   0.03798   0.00624         0   0.04422         1       320    0.8724    0.7524    0.8323    0.5745   0.04684  0.008373         0
     51/99      2.2G   0.03645  0.006299         0   0.04274         1       320    0.8456    0.7555      0.82    0.5815    0.0474  0.008321         0
     52/99      2.2G   0.03723  0.005946         0   0.04317         4       320    0.8261      0.79    0.8318    0.5832   0.04812  0.008253         0
     53/99      2.2G   0.03535  0.006086         0   0.04143         4       320    0.7804    0.8243    0.8349    0.5982   0.04609   0.00837         0
     54/99      2.2G   0.03565  0.006324         0   0.04197         2       320    0.8386    0.8147    0.8521    0.6007   0.04451  0.008275         0
     55/99      2.2G     0.036  0.005963         0   0.04196         5       320    0.9104    0.7649    0.8527    0.6058   0.04537   0.00839         0
     56/99      2.2G   0.03463  0.006027         0   0.04066         6       320    0.8636     0.774    0.8323    0.5917   0.04787  0.008052         0
     57/99      2.2G   0.03517  0.006043         0   0.04121         5       320    0.8198    0.7994     0.841    0.6048   0.04637  0.008315         0
     58/99      2.2G   0.03464  0.005737         0   0.04037         2       320    0.8438    0.7962    0.8514    0.6167   0.04611  0.007989         0
     59/99      2.2G   0.03461  0.005979         0   0.04059         4       320    0.8588     0.768     0.827    0.5955   0.04638   0.00808         0
     60/99      2.2G     0.034  0.005621         0   0.03962         1       320      0.83     0.796    0.8587    0.6252    0.0453  0.008316         0
     61/99      2.2G   0.03397  0.005961         0   0.03993         1       320    0.8137    0.8213    0.8481    0.6123   0.04614  0.007923         0
     62/99      2.2G   0.03302  0.005726         0   0.03875         1       320    0.8716    0.8085    0.8568    0.6354    0.0474  0.007972         0
     63/99      2.2G   0.03379  0.005801         0   0.03959         4       320    0.8642    0.7994    0.8532    0.6145   0.04817  0.007773         0
     64/99      2.2G   0.03368  0.006099         0   0.03978         1       320    0.8509    0.8053    0.8503    0.6136   0.04626  0.008029         0
     65/99      2.2G   0.03349  0.005926         0   0.03942         1       320    0.8213     0.837    0.8653    0.6355   0.04623  0.008033         0
     66/99      2.2G   0.03261  0.005805         0   0.03842         2       320     0.816    0.8495    0.8623     0.626   0.04685  0.007758         0
     67/99      2.2G   0.03411  0.005817         0   0.03993         5       320    0.8343     0.837    0.8557    0.6292   0.04486  0.008135         0
     68/99      2.2G   0.03352  0.005806         0   0.03932         1       320    0.8286    0.8337    0.8653    0.6366   0.04562  0.007866         0
     69/99      2.2G   0.03242  0.005918         0   0.03834         1       320     0.866    0.8119    0.8605    0.6384   0.04585  0.007981         0
     70/99      2.2G   0.03218  0.005821         0     0.038         1       320    0.9088     0.815    0.8737    0.6388   0.04676  0.007837         0
     71/99      2.2G   0.03254  0.005819         0   0.03836         1       320    0.8604    0.8339    0.8697     0.651   0.04463  0.007916         0
     72/99      2.2G   0.03142   0.00565         0   0.03707         4       320    0.8712    0.8276    0.8716    0.6542   0.04655  0.007697         0
     73/99      2.2G   0.03219  0.005707         0    0.0379         2       320    0.8611     0.837    0.8683    0.6452   0.04664  0.007911         0
     74/99      2.2G    0.0325  0.005451         0   0.03795         9       320    0.8556    0.8182    0.8713    0.6497   0.04695  0.007739         0
     75/99      2.2G   0.03149  0.005849         0   0.03734         4       320    0.8497    0.8149    0.8654    0.6539   0.04669  0.007635         0
     76/99      2.2G   0.03155  0.005728         0   0.03728         5       320    0.9021    0.8087    0.8772    0.6543   0.04544  0.008007         0
     77/99      2.2G   0.03182  0.005698         0   0.03752         1       320    0.8954    0.8054     0.885    0.6644   0.04536  0.007622         0
     78/99      2.2G    0.0313  0.005587         0   0.03689         2       320    0.9007    0.7961    0.8763    0.6652   0.04403  0.007872         0
     79/99      2.2G   0.03116  0.005498         0   0.03666         1       320    0.9129      0.79    0.8804    0.6583   0.04519  0.007712         0
     80/99      2.2G   0.03095   0.00567         0   0.03662         3       320    0.8738    0.8056    0.8765    0.6596   0.04561  0.007651         0
     81/99      2.2G   0.03193  0.005976         0    0.0379         4       320    0.8508    0.8401    0.8775    0.6665   0.04476   0.00779         0
     82/99      2.2G   0.03156  0.005737         0    0.0373         1       320    0.9035    0.7931    0.8728    0.6685   0.04392  0.007927         0
     83/99      2.2G   0.03044  0.005664         0    0.0361         1       320    0.8753     0.815    0.8718    0.6561   0.04454  0.007749         0
     84/99      2.2G   0.03058  0.005548         0   0.03613         1       320    0.9027     0.815    0.8795    0.6691   0.04419  0.007861         0
     85/99      2.2G    0.0303  0.005697         0   0.03599         1       320    0.9116    0.8088    0.8784    0.6733   0.04339  0.007809         0
     86/99      2.2G   0.03024  0.005393         0   0.03564         1       320    0.8999    0.8176    0.8755    0.6554   0.04381  0.007875         0
     87/99      2.2G   0.03032  0.005617         0   0.03594         4       320    0.8926    0.8337    0.8854    0.6701   0.04329  0.007851         0
     88/99      2.2G    0.0302  0.005499         0    0.0357         5       320    0.8779     0.837    0.8806    0.6699    0.0425  0.007962         0
     89/99      2.2G   0.02995   0.00533         0   0.03528         1       320    0.8633    0.8714    0.8838    0.6705   0.04279  0.007901         0
     90/99      2.2G    0.0299   0.00555         0   0.03545         5       320    0.8553    0.8527    0.8824    0.6739   0.04413  0.007681         0
     91/99      2.2G   0.02947  0.005521         0   0.03499         1       320    0.9115    0.8088    0.8884    0.6768   0.04393  0.007657         0
     92/99      2.2G   0.02953  0.005579         0   0.03511         4       320    0.8658    0.8589    0.8854    0.6776   0.04369  0.007684         0
     93/99      2.2G   0.02997  0.005673         0   0.03565         2       320     0.903    0.8462    0.8907     0.673   0.04411  0.007721         0
     94/99      2.2G   0.02973  0.005503         0   0.03524         1       320    0.9253    0.8149    0.8864      0.67   0.04401  0.007665         0
     95/99      2.2G   0.03028   0.00548         0   0.03576         1       320     0.906    0.8464    0.8839    0.6759   0.04337   0.00775         0
     96/99      2.2G   0.02972  0.005476         0    0.0352         2       320    0.9138    0.8307    0.8832    0.6787   0.04274  0.007853         0
     97/99      2.2G    0.0302  0.005722         0   0.03592         9       320     0.895    0.8307    0.8833    0.6677   0.04379  0.007773         0
     98/99      2.2G   0.02948  0.005509         0   0.03499         1       320    0.9106    0.8305    0.8876    0.6687    0.0434  0.007726         0
     99/99      2.2G    0.0294  0.005501         0    0.0349         3       320    0.9044    0.8306    0.8879    0.6752    0.0433  0.007654         0
